sample_idx,match_f1,ordered_f1,kendall_tau,tau_normalized,precision,recall,num_predicted_steps,num_reference_steps
0,0.7142857142857143,0.6499999999999999,0.4,0.7,1.0,0.5555555555555556,5,9
1,0.5,0.44999999999999996,0.3333333333333333,0.6666666666666666,1.0,0.3333333333333333,3,9
2,0.7692307692307693,0.7461538461538462,0.8,0.9,1.0,0.625,5,8
3,0.6666666666666666,0.6666666666666666,1.0,1.0,1.0,0.5,3,6
4,0.6666666666666666,0.5666666666666667,0.0,0.5,1.0,0.5,4,8
5,0.6,0.5399999999999999,0.3333333333333333,0.6666666666666666,1.0,0.42857142857142855,3,7
6,0.6666666666666666,0.5333333333333332,-0.3333333333333333,0.33333333333333337,1.0,0.5,3,6
7,0.5454545454545454,0.49090909090909085,0.3333333333333333,0.6666666666666666,1.0,0.375,3,8
8,0.7499999999999999,0.5999999999999999,-0.3333333333333333,0.33333333333333337,1.0,0.6,3,5
9,0.7499999999999999,0.6749999999999998,0.3333333333333333,0.6666666666666666,1.0,0.6,3,5
10,0.9090909090909091,0.7727272727272727,0.0,0.5,1.0,0.8333333333333334,5,6
11,0.6666666666666666,0.6666666666666666,1.0,1.0,1.0,0.5,3,6
12,0.8,0.72,0.3333333333333333,0.6666666666666666,1.0,0.6666666666666666,4,6
13,0.7272727272727273,0.6545454545454545,0.3333333333333333,0.6666666666666666,1.0,0.5714285714285714,4,7
14,0.6666666666666666,0.5333333333333332,-0.3333333333333333,0.33333333333333337,1.0,0.5,3,6
15,0.8571428571428571,0.7371428571428571,0.06666666666666667,0.5333333333333333,0.75,1.0,8,6
16,0.7499999999999999,0.6749999999999998,0.3333333333333333,0.6666666666666666,1.0,0.6,3,5
17,0.6666666666666666,0.5999999999999999,0.3333333333333333,0.6666666666666666,1.0,0.5,3,6
18,0.888888888888889,0.7555555555555555,0.0,0.5,1.0,0.8,4,5
19,0.6666666666666666,0.5333333333333332,-0.3333333333333333,0.33333333333333337,1.0,0.5,3,6
20,0.888888888888889,0.7999999999999999,0.3333333333333333,0.6666666666666666,1.0,0.8,4,5
21,0.8,0.72,0.3333333333333333,0.6666666666666666,1.0,0.6666666666666666,4,6
22,0.6666666666666666,0.5999999999999999,0.3333333333333333,0.6666666666666666,1.0,0.5,4,8
23,0.9090909090909091,0.7999999999999998,0.2,0.6,1.0,0.8333333333333334,5,6
24,0.5454545454545454,0.4363636363636363,-0.3333333333333333,0.33333333333333337,1.0,0.375,3,8
25,0.9090909090909091,0.8272727272727272,0.4,0.7,1.0,0.8333333333333334,5,6
26,0.6666666666666666,0.4666666666666666,-1.0,0.0,1.0,0.5,3,6
27,0.7272727272727273,0.6181818181818182,0.0,0.5,1.0,0.5714285714285714,4,7
28,0.888888888888889,0.7555555555555555,0.0,0.5,1.0,0.8,4,5
29,0.7142857142857143,0.6285714285714286,0.2,0.6,1.0,0.5555555555555556,5,9
30,0.6666666666666666,0.6666666666666666,1.0,1.0,1.0,0.5,3,6
31,0.8571428571428571,0.7714285714285714,0.3333333333333333,0.6666666666666666,1.0,0.75,3,4
32,0.7499999999999999,0.7499999999999999,1.0,1.0,1.0,0.6,3,5
33,0.7499999999999999,0.5999999999999999,-0.3333333333333333,0.33333333333333337,1.0,0.6,3,5
34,0.9090909090909091,0.8545454545454545,0.6,0.8,1.0,0.8333333333333334,5,6
35,0.888888888888889,0.7555555555555555,0.0,0.5,1.0,0.8,4,5
36,0.6,0.4799999999999999,-0.3333333333333333,0.33333333333333337,1.0,0.42857142857142855,3,7
37,0.8333333333333333,0.7333333333333332,0.2,0.6,1.0,0.7142857142857143,5,7
38,0.888888888888889,0.7555555555555555,0.0,0.5,1.0,0.8,4,5
39,0.7272727272727273,0.6545454545454545,0.3333333333333333,0.6666666666666666,1.0,0.5714285714285714,4,7
40,0.6666666666666666,0.5333333333333332,-0.3333333333333333,0.33333333333333337,1.0,0.5,3,6
41,0.8333333333333333,0.7333333333333332,0.2,0.6,1.0,0.7142857142857143,5,7
42,0.6,0.4799999999999999,-0.3333333333333333,0.33333333333333337,1.0,0.42857142857142855,3,7
43,0.7272727272727273,0.7272727272727273,1.0,1.0,1.0,0.5714285714285714,4,7
44,0.8,0.72,0.3333333333333333,0.6666666666666666,1.0,0.6666666666666666,4,6
45,0.7272727272727273,0.5818181818181818,-0.3333333333333333,0.33333333333333337,1.0,0.5714285714285714,4,7
46,0.7272727272727273,0.6545454545454545,0.3333333333333333,0.6666666666666666,1.0,0.5714285714285714,4,7
47,0.8,0.8,1.0,1.0,1.0,0.6666666666666666,4,6
48,0.6,0.4799999999999999,-0.3333333333333333,0.33333333333333337,1.0,0.42857142857142855,3,7
49,0.6666666666666666,0.5333333333333332,-0.3333333333333333,0.33333333333333337,1.0,0.5,4,8
50,0.888888888888889,0.7555555555555555,0.0,0.5,1.0,0.8,4,5
51,0.888888888888889,0.7999999999999999,0.3333333333333333,0.6666666666666666,1.0,0.8,4,5
52,0.7499999999999999,0.7499999999999999,1.0,1.0,1.0,0.6,3,5
53,0.8,0.68,0.0,0.5,1.0,0.6666666666666666,4,6
54,0.6666666666666666,0.6666666666666666,1.0,1.0,1.0,0.5,4,8
55,0.6666666666666666,0.5333333333333332,-0.3333333333333333,0.33333333333333337,1.0,0.5,4,8
56,0.6666666666666666,0.5,-0.6666666666666666,0.16666666666666669,1.0,0.5,4,8
57,0.5454545454545454,0.4363636363636363,-0.3333333333333333,0.33333333333333337,1.0,0.375,3,8
58,0.5454545454545454,0.4363636363636363,-0.3333333333333333,0.33333333333333337,1.0,0.375,3,8
59,0.6666666666666666,0.5666666666666667,0.0,0.5,1.0,0.5,4,8
60,0.6666666666666666,0.5999999999999999,0.3333333333333333,0.6666666666666666,1.0,0.5,4,8
61,0.5454545454545454,0.4363636363636363,-0.3333333333333333,0.33333333333333337,1.0,0.375,3,8
62,0.5454545454545454,0.5454545454545454,1.0,1.0,1.0,0.375,3,8
63,0.5454545454545454,0.5454545454545454,1.0,1.0,1.0,0.375,3,8
64,0.5,0.5,1.0,1.0,0.3333333333333333,1.0,3,1
65,0.5454545454545454,0.49090909090909085,0.3333333333333333,0.6666666666666666,1.0,0.375,3,8
66,0.5454545454545454,0.4363636363636363,-0.3333333333333333,0.33333333333333337,1.0,0.375,3,8
67,0.6666666666666666,0.5999999999999999,0.3333333333333333,0.6666666666666666,1.0,0.5,4,8
68,0.6666666666666666,0.6666666666666666,1.0,1.0,1.0,0.5,4,8
69,0.7692307692307693,0.6769230769230768,0.2,0.6,1.0,0.625,5,8
70,0.7692307692307693,0.6307692307692307,-0.2,0.4,1.0,0.625,5,8
71,0.7692307692307693,0.7461538461538462,0.8,0.9,1.0,0.625,5,8
72,0.6666666666666666,0.5,-0.6666666666666666,0.16666666666666669,1.0,0.5,4,8
73,0.7692307692307693,0.6769230769230768,0.2,0.6,1.0,0.625,5,8
74,0.8,0.76,0.6666666666666666,0.8333333333333333,1.0,0.6666666666666666,4,6
75,0.6666666666666666,0.5999999999999999,0.3333333333333333,0.6666666666666666,1.0,0.5,4,8
76,0.6153846153846153,0.6153846153846153,1.0,1.0,1.0,0.4444444444444444,4,9
77,0.7142857142857143,0.5857142857142857,-0.2,0.4,1.0,0.5555555555555556,5,9
78,0.6666666666666666,0.5999999999999999,0.3333333333333333,0.6666666666666666,1.0,0.5,4,8
79,0.6153846153846153,0.5846153846153845,0.6666666666666666,0.8333333333333333,1.0,0.4444444444444444,4,9
80,0.5454545454545454,0.3818181818181818,-1.0,0.0,1.0,0.375,3,8
81,0.6153846153846153,0.5538461538461538,0.3333333333333333,0.6666666666666666,1.0,0.4444444444444444,4,9
82,0.5454545454545454,0.49090909090909085,0.3333333333333333,0.6666666666666666,1.0,0.375,3,8
83,0.5454545454545454,0.5454545454545454,1.0,1.0,1.0,0.375,3,8
84,0.5,0.39999999999999997,-0.3333333333333333,0.33333333333333337,1.0,0.3333333333333333,3,9
85,0.5,0.44999999999999996,0.3333333333333333,0.6666666666666666,1.0,0.3333333333333333,3,9
86,0.5454545454545454,0.4363636363636363,-0.3333333333333333,0.33333333333333337,1.0,0.375,3,8
87,0.6666666666666666,0.5999999999999999,0.3333333333333333,0.6666666666666666,1.0,0.5,4,8
88,0.6666666666666666,0.6333333333333333,0.6666666666666666,0.8333333333333333,1.0,0.5,4,8
89,0.6666666666666666,0.6666666666666666,1.0,1.0,1.0,0.5,4,8
90,0.6666666666666666,0.5333333333333332,-0.3333333333333333,0.33333333333333337,1.0,0.5,4,8
91,0.7692307692307693,0.6307692307692307,-0.2,0.4,1.0,0.625,5,8
92,0.5454545454545454,0.5454545454545454,1.0,1.0,1.0,0.375,3,8
93,0.6666666666666666,0.6333333333333333,0.6666666666666666,0.8333333333333333,1.0,0.5,4,8
94,0.5454545454545454,0.49090909090909085,0.3333333333333333,0.6666666666666666,1.0,0.375,3,8
95,0.7272727272727273,0.6545454545454545,0.3333333333333333,0.6666666666666666,1.0,0.5714285714285714,4,7
96,0.5454545454545454,0.5454545454545454,1.0,1.0,1.0,0.375,3,8
97,0.6666666666666666,0.5333333333333332,-0.3333333333333333,0.33333333333333337,1.0,0.5,4,8
98,0.6666666666666666,0.6333333333333333,0.6666666666666666,0.8333333333333333,1.0,0.5,4,8
99,0.5454545454545454,0.5454545454545454,1.0,1.0,1.0,0.375,3,8
100,0.6666666666666666,0.6333333333333333,0.6666666666666666,0.8333333333333333,1.0,0.5,4,8
101,0.6666666666666666,0.6666666666666666,1.0,1.0,1.0,0.5,4,8
102,0.5454545454545454,0.5454545454545454,1.0,1.0,1.0,0.375,3,8
103,0.6666666666666666,0.5666666666666667,0.0,0.5,1.0,0.5,4,8
104,0.5454545454545454,0.5454545454545454,1.0,1.0,1.0,0.375,3,8
105,0.6666666666666666,0.6666666666666666,1.0,1.0,1.0,0.5,4,8
106,0.6666666666666666,0.6333333333333333,0.6666666666666666,0.8333333333333333,1.0,0.5,4,8
107,0.6153846153846153,0.523076923076923,0.0,0.5,1.0,0.4444444444444444,4,9
108,0.5,0.44999999999999996,0.3333333333333333,0.6666666666666666,1.0,0.3333333333333333,3,9
109,0.7692307692307693,0.7230769230769231,0.6,0.8,1.0,0.625,5,8
110,0.5454545454545454,0.4363636363636363,-0.3333333333333333,0.33333333333333337,1.0,0.375,3,8
111,0.7692307692307693,0.6538461538461539,0.0,0.5,1.0,0.625,5,8
112,0.5454545454545454,0.5454545454545454,1.0,1.0,1.0,0.375,3,8
113,0.6666666666666666,0.5999999999999999,0.3333333333333333,0.6666666666666666,1.0,0.5,4,8
114,0.7692307692307693,0.6307692307692307,-0.2,0.4,1.0,0.625,5,8
115,0.8333333333333333,0.6333333333333333,-0.6,0.2,1.0,0.7142857142857143,5,7
116,0.7692307692307693,0.6307692307692307,-0.2,0.4,1.0,0.625,5,8
117,0.6666666666666666,0.6666666666666666,1.0,1.0,1.0,0.5,4,8
118,0.6153846153846153,0.5538461538461538,0.3333333333333333,0.6666666666666666,1.0,0.4444444444444444,4,9
119,0.6153846153846153,0.5846153846153845,0.6666666666666666,0.8333333333333333,1.0,0.4444444444444444,4,9
120,0.7692307692307693,0.7230769230769231,0.6,0.8,1.0,0.625,5,8
121,0.7692307692307693,0.6538461538461539,0.0,0.5,1.0,0.625,5,8
122,0.7692307692307693,0.7230769230769231,0.6,0.8,1.0,0.625,5,8
123,0.5454545454545454,0.5454545454545454,1.0,1.0,1.0,0.375,3,8
124,0.4615384615384615,0.4615384615384615,1.0,1.0,1.0,0.3,3,10
125,0.6666666666666666,0.6333333333333333,0.6666666666666666,0.8333333333333333,1.0,0.5,4,8
126,0.7692307692307693,0.6538461538461539,0.0,0.5,1.0,0.625,5,8
127,0.6666666666666666,0.5333333333333332,-0.3333333333333333,0.33333333333333337,1.0,0.5,4,8
128,0.6153846153846153,0.5538461538461538,0.3333333333333333,0.6666666666666666,1.0,0.4444444444444444,4,9
129,0.6666666666666666,0.6333333333333333,0.6666666666666666,0.8333333333333333,1.0,0.5,4,8
130,0.6666666666666666,0.5333333333333332,-0.3333333333333333,0.33333333333333337,1.0,0.5,4,8
131,0.7692307692307693,0.6076923076923076,-0.4,0.3,1.0,0.625,5,8
132,0.7692307692307693,0.6769230769230768,0.2,0.6,1.0,0.625,5,8
133,0.47619047619047616,0.3904761904761904,-0.2,0.4,1.0,0.3125,5,16
134,0.5454545454545454,0.49090909090909085,0.3333333333333333,0.6666666666666666,1.0,0.375,3,8
135,0.6666666666666666,0.5333333333333332,-0.3333333333333333,0.33333333333333337,1.0,0.5,4,8
136,0.5,0.44999999999999996,0.3333333333333333,0.6666666666666666,1.0,0.3333333333333333,3,9
137,0.5454545454545454,0.4363636363636363,-0.3333333333333333,0.33333333333333337,1.0,0.375,3,8
138,0.7142857142857143,0.6071428571428571,0.0,0.5,1.0,0.5555555555555556,5,9
139,0.6666666666666666,0.5,-0.6666666666666666,0.16666666666666669,1.0,0.5,4,8
140,0.6666666666666666,0.6333333333333333,0.6666666666666666,0.8333333333333333,1.0,0.5,4,8
141,0.7142857142857143,0.5642857142857143,-0.4,0.3,1.0,0.5555555555555556,5,9
142,0.7692307692307693,0.7230769230769231,0.6,0.8,1.0,0.625,5,8
143,0.7142857142857143,0.6928571428571428,0.8,0.9,1.0,0.5555555555555556,5,9
144,0.8,0.72,0.3333333333333333,0.6666666666666666,1.0,0.6666666666666666,6,9
145,0.7692307692307693,0.7230769230769231,0.6,0.8,1.0,0.625,5,8
146,0.7142857142857143,0.6928571428571428,0.8,0.9,1.0,0.5555555555555556,5,9
147,0.6666666666666666,0.5333333333333332,-0.3333333333333333,0.33333333333333337,1.0,0.5,4,8
148,0.7692307692307693,0.7692307692307693,1.0,1.0,1.0,0.625,5,8
149,0.5454545454545454,0.49090909090909085,0.3333333333333333,0.6666666666666666,1.0,0.375,3,8
150,0.6666666666666666,0.5999999999999999,0.3333333333333333,0.6666666666666666,1.0,0.5,4,8
151,0.7692307692307693,0.6769230769230768,0.2,0.6,1.0,0.625,5,8
152,0.5454545454545454,0.49090909090909085,0.3333333333333333,0.6666666666666666,1.0,0.375,3,8
153,0.6666666666666666,0.6333333333333333,0.6666666666666666,0.8333333333333333,1.0,0.5,4,8
154,0.6666666666666666,0.6666666666666666,1.0,1.0,1.0,0.5,4,8
155,0.7692307692307693,0.6307692307692307,-0.2,0.4,1.0,0.625,5,8
156,0.6666666666666666,0.6666666666666666,1.0,1.0,1.0,0.5,4,8
157,0.4615384615384615,0.4615384615384615,1.0,1.0,1.0,0.3,3,10
158,0.6666666666666666,0.5,-0.6666666666666666,0.16666666666666669,1.0,0.5,4,8
159,0.6153846153846153,0.4923076923076922,-0.3333333333333333,0.33333333333333337,1.0,0.4444444444444444,4,9
160,0.5,0.44999999999999996,0.3333333333333333,0.6666666666666666,1.0,0.3333333333333333,3,9
161,0.5,0.5,1.0,1.0,1.0,0.3333333333333333,3,9
162,0.6666666666666666,0.5999999999999999,0.3333333333333333,0.6666666666666666,1.0,0.5,4,8
163,0.625,0.56875,0.4,0.7,1.0,0.45454545454545453,5,11
164,0.4,0.4,1.0,1.0,0.25,1.0,4,1
165,0.7692307692307693,0.6769230769230768,0.2,0.6,1.0,0.625,5,8
166,0.7692307692307693,0.6538461538461539,0.0,0.5,1.0,0.625,5,8
167,0.5714285714285715,0.48571428571428577,0.0,0.5,1.0,0.4,4,10
168,0.7142857142857143,0.6285714285714286,0.2,0.6,1.0,0.5555555555555556,5,9
169,0.6666666666666666,0.5666666666666667,0.0,0.5,1.0,0.5,4,8
170,0.6666666666666666,0.6333333333333333,0.6666666666666666,0.8333333333333333,1.0,0.5,4,8
171,0.6666666666666666,0.6666666666666666,1.0,1.0,1.0,0.5,3,6
172,0.7142857142857143,0.5428571428571429,-0.6,0.2,1.0,0.5555555555555556,5,9
173,0.5454545454545454,0.4363636363636363,-0.3333333333333333,0.33333333333333337,1.0,0.375,3,8
174,0.5,0.5,1.0,1.0,1.0,0.3333333333333333,3,9
175,0.6153846153846153,0.523076923076923,0.0,0.5,1.0,0.4444444444444444,4,9
176,0.7692307692307693,0.6769230769230768,0.2,0.6,1.0,0.625,5,8
177,0.5454545454545454,0.3818181818181818,-1.0,0.0,1.0,0.375,3,8
178,0.5454545454545454,0.3818181818181818,-1.0,0.0,1.0,0.375,3,8
179,0.5714285714285715,0.4571428571428572,-0.3333333333333333,0.33333333333333337,1.0,0.4,4,10
180,0.6666666666666666,0.5333333333333332,-0.3333333333333333,0.33333333333333337,1.0,0.5,4,8
181,0.7692307692307693,0.5846153846153846,-0.6,0.2,1.0,0.625,5,8
182,0.6666666666666666,0.5666666666666667,0.0,0.5,1.0,0.5,4,8
183,0.4615384615384615,0.4615384615384615,1.0,1.0,1.0,0.3,3,10
184,0.5454545454545454,0.4363636363636363,-0.3333333333333333,0.33333333333333337,1.0,0.375,3,8
185,0.5,0.39999999999999997,-0.3333333333333333,0.33333333333333337,1.0,0.3333333333333333,3,9
186,0.8571428571428571,0.7542857142857141,0.2,0.6,1.0,0.75,6,8
187,0.5,0.39999999999999997,-0.3333333333333333,0.33333333333333337,1.0,0.3333333333333333,3,9
188,0.6666666666666666,0.6333333333333333,0.6666666666666666,0.8333333333333333,1.0,0.5,4,8
189,0.6153846153846153,0.6153846153846153,1.0,1.0,1.0,0.4444444444444444,4,9
190,0.5454545454545454,0.5454545454545454,1.0,1.0,1.0,0.375,3,8
191,0.6153846153846153,0.5538461538461538,0.3333333333333333,0.6666666666666666,1.0,0.4444444444444444,4,9
192,0.5454545454545454,0.4363636363636363,-0.3333333333333333,0.33333333333333337,1.0,0.375,3,8
193,0.7499999999999999,0.7499999999999999,1.0,1.0,1.0,0.6,6,10
194,0.7692307692307693,0.6307692307692307,-0.2,0.4,1.0,0.625,5,8
195,0.5,0.5,1.0,1.0,1.0,0.3333333333333333,3,9
196,0.6666666666666666,0.5666666666666667,0.0,0.5,1.0,0.5,4,8
197,0.6153846153846153,0.6153846153846153,1.0,1.0,1.0,0.4444444444444444,4,9
198,0.6666666666666666,0.5,-0.6666666666666666,0.16666666666666669,1.0,0.5,4,8
199,0.7142857142857143,0.6714285714285714,0.6,0.8,1.0,0.5555555555555556,5,9
200,1.0,0.9785714285714285,0.8571428571428571,0.9285714285714286,1.0,1.0,8,8
201,0.5454545454545454,0.4363636363636363,-0.3333333333333333,0.33333333333333337,1.0,0.375,3,8
202,0.7142857142857143,0.5642857142857143,-0.4,0.3,1.0,0.5555555555555556,5,9
203,0.7692307692307693,0.6076923076923076,-0.4,0.3,1.0,0.625,5,8
204,0.6666666666666666,0.5666666666666667,0.0,0.5,1.0,0.5,4,8
205,0.5,0.39999999999999997,-0.3333333333333333,0.33333333333333337,1.0,0.3333333333333333,3,9
206,0.47619047619047616,0.3619047619047619,-0.6,0.2,1.0,0.3125,5,16
207,0.6666666666666666,0.5999999999999999,0.3333333333333333,0.6666666666666666,1.0,0.5,4,8
208,0.6666666666666666,0.5333333333333332,-0.3333333333333333,0.33333333333333337,1.0,0.5,4,8
209,0.5,0.39999999999999997,-0.3333333333333333,0.33333333333333337,1.0,0.3333333333333333,3,9
210,0.6666666666666666,0.5999999999999999,0.3333333333333333,0.6666666666666666,1.0,0.5,4,8
211,0.5454545454545454,0.4363636363636363,-0.3333333333333333,0.33333333333333337,1.0,0.375,3,8
212,0.5454545454545454,0.5454545454545454,1.0,1.0,1.0,0.375,3,8
213,0.8,0.736,0.4666666666666667,0.7333333333333334,1.0,0.6666666666666666,6,9
214,0.7692307692307693,0.7461538461538462,0.8,0.9,1.0,0.625,5,8
215,0.6666666666666666,0.6333333333333333,0.6666666666666666,0.8333333333333333,1.0,0.5,4,8
216,0.6666666666666666,0.5666666666666667,0.0,0.5,1.0,0.5,4,8
217,0.6666666666666666,0.5333333333333332,-0.3333333333333333,0.33333333333333337,1.0,0.5,4,8
218,0.4,0.4,1.0,1.0,0.25,1.0,4,1
219,0.5454545454545454,0.4363636363636363,-0.3333333333333333,0.33333333333333337,1.0,0.375,3,8
220,0.7142857142857143,0.6071428571428571,0.0,0.5,1.0,0.5555555555555556,5,9
221,0.6666666666666666,0.5666666666666667,0.0,0.5,1.0,0.5,4,8
222,0.7142857142857143,0.6071428571428571,0.0,0.5,1.0,0.5555555555555556,5,9
223,0.7142857142857143,0.5857142857142857,-0.2,0.4,1.0,0.5555555555555556,5,9
224,0.5714285714285715,0.5428571428571429,0.6666666666666666,0.8333333333333333,1.0,0.4,4,10
225,0.7142857142857143,0.6071428571428571,0.0,0.5,1.0,0.5555555555555556,5,9
226,0.5714285714285715,0.5428571428571429,0.6666666666666666,0.8333333333333333,1.0,0.4,4,10
227,0.6666666666666666,0.5999999999999999,0.3333333333333333,0.6666666666666666,1.0,0.5,4,8
228,0.6666666666666666,0.6666666666666666,1.0,1.0,1.0,0.5,4,8
229,0.5454545454545454,0.5454545454545454,1.0,1.0,1.0,0.375,3,8
230,0.6666666666666666,0.4666666666666666,-1.0,0.0,1.0,0.5,4,8
231,0.6666666666666666,0.4666666666666666,-1.0,0.0,1.0,0.5,4,8
232,0.5454545454545454,0.49090909090909085,0.3333333333333333,0.6666666666666666,1.0,0.375,3,8
233,0.6153846153846153,0.523076923076923,0.0,0.5,1.0,0.4444444444444444,4,9
234,0.5,0.5,1.0,1.0,1.0,0.3333333333333333,3,9
235,0.5,0.5,1.0,1.0,0.3333333333333333,1.0,3,1
236,0.7142857142857143,0.6071428571428571,0.0,0.5,1.0,0.5555555555555556,5,9
237,0.6,0.6,1.0,1.0,1.0,0.42857142857142855,3,7
238,0.6666666666666666,0.5333333333333332,-0.3333333333333333,0.33333333333333337,1.0,0.5,4,8
239,0.5,0.39999999999999997,-0.3333333333333333,0.33333333333333337,1.0,0.3333333333333333,3,9
240,0.6153846153846153,0.5538461538461538,0.3333333333333333,0.6666666666666666,1.0,0.4444444444444444,4,9
241,0.6666666666666666,0.5999999999999999,0.3333333333333333,0.6666666666666666,1.0,0.5,4,8
242,0.5454545454545454,0.5454545454545454,1.0,1.0,1.0,0.375,3,8
243,0.3636363636363636,0.3636363636363636,1.0,1.0,1.0,0.2222222222222222,2,9
244,0.6153846153846153,0.5846153846153845,0.6666666666666666,0.8333333333333333,1.0,0.4444444444444444,4,9
245,0.4615384615384615,0.4153846153846153,0.3333333333333333,0.6666666666666666,1.0,0.3,3,10
246,0.6666666666666666,0.5666666666666667,0.0,0.5,1.0,0.5,4,8
247,0.5454545454545454,0.49090909090909085,0.3333333333333333,0.6666666666666666,1.0,0.375,3,8
248,0.5,0.44999999999999996,0.3333333333333333,0.6666666666666666,1.0,0.3333333333333333,3,9
249,0.5454545454545454,0.5454545454545454,1.0,1.0,1.0,0.375,3,8
250,0.6666666666666666,0.5999999999999999,0.3333333333333333,0.6666666666666666,1.0,0.5,4,8
251,0.6153846153846153,0.4923076923076922,-0.3333333333333333,0.33333333333333337,1.0,0.4444444444444444,4,9
252,0.7692307692307693,0.7,0.4,0.7,1.0,0.625,5,8
253,0.5454545454545454,0.5454545454545454,1.0,1.0,1.0,0.375,3,8
254,0.5454545454545454,0.5454545454545454,1.0,1.0,1.0,0.375,3,8
255,0.7692307692307693,0.7,0.4,0.7,1.0,0.625,5,8
256,0.5454545454545454,0.4363636363636363,-0.3333333333333333,0.33333333333333337,1.0,0.375,3,8
257,0.625,0.53125,0.0,0.5,1.0,0.45454545454545453,5,11
258,0.5454545454545454,0.49090909090909085,0.3333333333333333,0.6666666666666666,1.0,0.375,3,8
259,0.6666666666666666,0.5866666666666666,0.2,0.6,1.0,0.5,5,10
260,0.5454545454545454,0.5454545454545454,1.0,1.0,1.0,0.375,3,8
261,0.5333333333333333,0.42666666666666664,-0.3333333333333333,0.33333333333333337,1.0,0.36363636363636365,4,11
262,0.7142857142857143,0.5857142857142857,-0.2,0.4,1.0,0.5555555555555556,5,9
263,0.5,0.44999999999999996,0.3333333333333333,0.6666666666666666,1.0,0.3333333333333333,3,9
264,0.6153846153846153,0.5846153846153845,0.6666666666666666,0.8333333333333333,1.0,0.4444444444444444,4,9
265,0.6666666666666666,0.5999999999999999,0.3333333333333333,0.6666666666666666,1.0,0.5,4,8
266,0.4615384615384615,0.4615384615384615,1.0,1.0,1.0,0.3,3,10
267,0.5454545454545454,0.49090909090909085,0.3333333333333333,0.6666666666666666,1.0,0.375,3,8
268,0.6666666666666666,0.6666666666666666,1.0,1.0,1.0,0.5,4,8
269,0.6666666666666666,0.5666666666666667,0.0,0.5,1.0,0.5,4,8
270,0.6666666666666666,0.5999999999999999,0.3333333333333333,0.6666666666666666,1.0,0.5,4,8
271,0.6153846153846153,0.5846153846153845,0.6666666666666666,0.8333333333333333,1.0,0.4444444444444444,4,9
272,0.7692307692307693,0.7230769230769231,0.6,0.8,1.0,0.625,5,8
273,0.8,0.68,0.0,0.5,1.0,0.6666666666666666,4,6
274,0.6153846153846153,0.6153846153846153,1.0,1.0,1.0,0.4444444444444444,4,9
275,0.6153846153846153,0.5538461538461538,0.3333333333333333,0.6666666666666666,1.0,0.4444444444444444,4,9
276,0.7692307692307693,0.5846153846153846,-0.6,0.2,1.0,0.625,5,8
277,0.7692307692307693,0.7,0.4,0.7,1.0,0.625,5,8
278,0.6666666666666666,0.6333333333333333,0.6666666666666666,0.8333333333333333,1.0,0.5,4,8
279,0.6,0.42,-1.0,0.0,1.0,0.42857142857142855,3,7
280,0.6666666666666666,0.5666666666666667,0.0,0.5,1.0,0.5,4,8
281,0.5454545454545454,0.5454545454545454,1.0,1.0,1.0,0.375,3,8
282,0.6666666666666666,0.5333333333333332,-0.3333333333333333,0.33333333333333337,1.0,0.5,4,8
283,0.5454545454545454,0.5454545454545454,1.0,1.0,1.0,0.375,3,8
284,0.5714285714285715,0.5142857142857143,0.3333333333333333,0.6666666666666666,1.0,0.4,4,10
285,0.5454545454545454,0.49090909090909085,0.3333333333333333,0.6666666666666666,1.0,0.375,3,8
286,0.6153846153846153,0.5846153846153845,0.6666666666666666,0.8333333333333333,1.0,0.4444444444444444,4,9
287,0.6666666666666666,0.5666666666666667,0.0,0.5,1.0,0.5,4,8
288,0.6153846153846153,0.46153846153846145,-0.6666666666666666,0.16666666666666669,1.0,0.4444444444444444,4,9
289,0.6666666666666666,0.5666666666666667,0.0,0.5,1.0,0.5,4,8
290,0.7692307692307693,0.6769230769230768,0.2,0.6,1.0,0.625,5,8
291,0.7692307692307693,0.6769230769230768,0.2,0.6,1.0,0.625,5,8
292,0.6666666666666666,0.5666666666666667,0.0,0.5,1.0,0.5,4,8
293,0.6666666666666666,0.5666666666666667,0.0,0.5,1.0,0.5,4,8
294,0.6153846153846153,0.4923076923076922,-0.3333333333333333,0.33333333333333337,1.0,0.4444444444444444,4,9
295,0.7142857142857143,0.6714285714285714,0.6,0.8,1.0,0.5555555555555556,5,9
296,0.5454545454545454,0.49090909090909085,0.3333333333333333,0.6666666666666666,1.0,0.375,3,8
297,0.6666666666666666,0.5999999999999999,0.3333333333333333,0.6666666666666666,1.0,0.5,4,8
298,0.5,0.39999999999999997,-0.3333333333333333,0.33333333333333337,1.0,0.3333333333333333,3,9
299,0.6666666666666666,0.5999999999999999,0.3333333333333333,0.6666666666666666,1.0,0.5,4,8
300,0.5714285714285715,0.48571428571428577,0.0,0.5,1.0,0.4,4,10
301,0.5454545454545454,0.49090909090909085,0.3333333333333333,0.6666666666666666,1.0,0.375,3,8
302,0.7692307692307693,0.7,0.4,0.7,1.0,0.625,5,8
303,0.6666666666666666,0.6666666666666666,1.0,1.0,1.0,0.5,4,8
304,0.7692307692307693,0.7,0.4,0.7,1.0,0.625,5,8
305,0.8571428571428571,0.72,-0.06666666666666667,0.4666666666666667,1.0,0.75,6,8
306,0.5714285714285715,0.5428571428571429,0.6666666666666666,0.8333333333333333,1.0,0.4,4,10
307,0.5454545454545454,0.4363636363636363,-0.3333333333333333,0.33333333333333337,1.0,0.375,3,8
308,0.6666666666666666,0.5999999999999999,0.3333333333333333,0.6666666666666666,1.0,0.5,4,8
309,0.5,0.44999999999999996,0.3333333333333333,0.6666666666666666,1.0,0.3333333333333333,3,9
310,0.5454545454545454,0.4363636363636363,-0.3333333333333333,0.33333333333333337,1.0,0.375,3,8
311,0.5,0.39999999999999997,-0.3333333333333333,0.33333333333333337,1.0,0.3333333333333333,4,12
312,0.6666666666666666,0.5333333333333332,-0.3333333333333333,0.33333333333333337,1.0,0.5,4,8
313,0.6666666666666666,0.5666666666666667,0.0,0.5,1.0,0.5,4,8
314,0.5454545454545454,0.49090909090909085,0.3333333333333333,0.6666666666666666,1.0,0.375,3,8
315,0.5454545454545454,0.49090909090909085,0.3333333333333333,0.6666666666666666,1.0,0.375,3,8
316,0.7692307692307693,0.7692307692307693,1.0,1.0,1.0,0.625,5,8
317,0.6666666666666666,0.6666666666666666,1.0,1.0,1.0,0.5,4,8
318,0.5454545454545454,0.5454545454545454,1.0,1.0,1.0,0.375,3,8
319,0.6153846153846153,0.6153846153846153,1.0,1.0,1.0,0.4444444444444444,4,9
320,0.7142857142857143,0.5857142857142857,-0.2,0.4,1.0,0.5555555555555556,5,9
321,0.5454545454545454,0.49090909090909085,0.3333333333333333,0.6666666666666666,1.0,0.375,3,8
322,0.6666666666666666,0.5,-0.6666666666666666,0.16666666666666669,1.0,0.5,4,8
323,0.6153846153846153,0.4923076923076922,-0.3333333333333333,0.33333333333333337,1.0,0.4444444444444444,4,9
324,0.6153846153846153,0.523076923076923,0.0,0.5,1.0,0.4444444444444444,4,9
325,0.5454545454545454,0.5454545454545454,1.0,1.0,1.0,0.375,3,8
326,0.6666666666666666,0.6333333333333333,0.6666666666666666,0.8333333333333333,1.0,0.5,4,8
327,0.5454545454545454,0.49090909090909085,0.3333333333333333,0.6666666666666666,1.0,0.375,3,8
328,0.7692307692307693,0.7230769230769231,0.6,0.8,1.0,0.625,5,8
329,0.7692307692307693,0.6538461538461539,0.0,0.5,1.0,0.625,5,8
330,0.5,0.39999999999999997,-0.3333333333333333,0.33333333333333337,1.0,0.3333333333333333,3,9
331,0.6666666666666666,0.5666666666666667,0.0,0.5,1.0,0.5,4,8
332,0.5,0.44999999999999996,0.3333333333333333,0.6666666666666666,1.0,0.3333333333333333,3,9
333,0.6666666666666666,0.6333333333333333,0.6666666666666666,0.8333333333333333,1.0,0.5,4,8
334,0.5454545454545454,0.5454545454545454,1.0,1.0,1.0,0.375,3,8
335,0.6666666666666666,0.5466666666666666,-0.2,0.4,1.0,0.5,5,10
336,0.5454545454545454,0.3818181818181818,-1.0,0.0,1.0,0.375,3,8
337,0.5454545454545454,0.49090909090909085,0.3333333333333333,0.6666666666666666,1.0,0.375,3,8
338,0.5454545454545454,0.49090909090909085,0.3333333333333333,0.6666666666666666,1.0,0.375,3,8
339,0.6153846153846153,0.5846153846153845,0.6666666666666666,0.8333333333333333,1.0,0.4444444444444444,4,9
340,0.6666666666666666,0.5666666666666667,0.0,0.5,1.0,0.5,4,8
341,0.6666666666666666,0.5,-0.6666666666666666,0.16666666666666669,1.0,0.5,4,8
342,0.7692307692307693,0.7,0.4,0.7,1.0,0.625,5,8
343,0.7692307692307693,0.7692307692307693,1.0,1.0,1.0,0.625,5,8
344,0.6153846153846153,0.5846153846153845,0.6666666666666666,0.8333333333333333,1.0,0.4444444444444444,4,9
345,0.7692307692307693,0.6538461538461539,0.0,0.5,1.0,0.625,5,8
346,0.42857142857142855,0.3857142857142857,0.3333333333333333,0.6666666666666666,1.0,0.2727272727272727,3,11
347,0.6153846153846153,0.4923076923076922,-0.3333333333333333,0.33333333333333337,1.0,0.4444444444444444,4,9
348,0.5454545454545454,0.5454545454545454,1.0,1.0,1.0,0.375,3,8
349,0.7142857142857143,0.6285714285714286,0.2,0.6,1.0,0.5555555555555556,5,9
350,0.5454545454545454,0.4363636363636363,-0.3333333333333333,0.33333333333333337,1.0,0.375,3,8
351,0.5454545454545454,0.5454545454545454,1.0,1.0,1.0,0.375,3,8
352,0.6666666666666666,0.5666666666666667,0.0,0.5,1.0,0.5,4,8
353,0.4,0.4,1.0,1.0,0.25,1.0,4,1
354,0.5454545454545454,0.5454545454545454,1.0,1.0,1.0,0.375,3,8
355,0.6666666666666666,0.5666666666666667,0.0,0.5,1.0,0.5,4,8
356,0.5,0.44999999999999996,0.3333333333333333,0.6666666666666666,1.0,0.3333333333333333,3,9
357,0.5714285714285715,0.4285714285714286,-0.6666666666666666,0.16666666666666669,1.0,0.4,4,10
358,0.5454545454545454,0.4363636363636363,-0.3333333333333333,0.33333333333333337,1.0,0.375,3,8
359,0.8571428571428571,0.7542857142857141,0.2,0.6,1.0,0.75,6,8
360,0.7692307692307693,0.7,0.4,0.7,1.0,0.625,5,8
361,0.5,0.44999999999999996,0.3333333333333333,0.6666666666666666,1.0,0.3333333333333333,3,9
362,0.5454545454545454,0.3818181818181818,-1.0,0.0,1.0,0.375,3,8
363,0.5454545454545454,0.49090909090909085,0.3333333333333333,0.6666666666666666,1.0,0.375,3,8
364,0.6666666666666666,0.5999999999999999,0.3333333333333333,0.6666666666666666,1.0,0.5,4,8
365,0.6666666666666666,0.6333333333333333,0.6666666666666666,0.8333333333333333,1.0,0.5,4,8
366,0.5,0.39999999999999997,-0.3333333333333333,0.33333333333333337,1.0,0.3333333333333333,3,9
367,0.7692307692307693,0.7230769230769231,0.6,0.8,1.0,0.625,5,8
368,0.5454545454545454,0.5454545454545454,1.0,1.0,1.0,0.375,3,8
369,0.6666666666666666,0.5666666666666667,0.0,0.5,1.0,0.5,4,8
370,0.4615384615384615,0.3692307692307692,-0.3333333333333333,0.33333333333333337,1.0,0.3,3,10
371,0.5,0.39999999999999997,-0.3333333333333333,0.33333333333333337,1.0,0.3333333333333333,3,9
372,0.7692307692307693,0.6538461538461539,0.0,0.5,1.0,0.625,5,8
373,0.5,0.5,1.0,1.0,0.3333333333333333,1.0,3,1
374,0.5454545454545454,0.4363636363636363,-0.3333333333333333,0.33333333333333337,1.0,0.375,3,8
375,0.7142857142857143,0.6928571428571428,0.8,0.9,1.0,0.5555555555555556,5,9
376,0.5454545454545454,0.3818181818181818,-1.0,0.0,1.0,0.375,3,8
377,0.7692307692307693,0.7,0.4,0.7,1.0,0.625,5,8
378,0.5454545454545454,0.49090909090909085,0.3333333333333333,0.6666666666666666,1.0,0.375,3,8
379,0.6666666666666666,0.5666666666666667,0.0,0.5,1.0,0.5,4,8
380,0.4615384615384615,0.4615384615384615,1.0,1.0,1.0,0.3,3,10
381,0.6666666666666666,0.5,-0.6666666666666666,0.16666666666666669,1.0,0.5,4,8
382,0.5454545454545454,0.5454545454545454,1.0,1.0,1.0,0.375,3,8
383,0.6153846153846153,0.6153846153846153,1.0,1.0,1.0,0.4444444444444444,4,9
384,0.6153846153846153,0.5846153846153845,0.6666666666666666,0.8333333333333333,1.0,0.4444444444444444,4,9
385,0.6666666666666666,0.5666666666666667,0.0,0.5,1.0,0.5,4,8
386,0.6666666666666666,0.6333333333333333,0.6666666666666666,0.8333333333333333,1.0,0.5,4,8
387,0.6666666666666666,0.5666666666666667,0.0,0.5,1.0,0.5,4,8
388,0.6666666666666666,0.5666666666666667,0.0,0.5,1.0,0.5,4,8
389,0.7692307692307693,0.6076923076923076,-0.4,0.3,1.0,0.625,5,8
390,0.6153846153846153,0.5538461538461538,0.3333333333333333,0.6666666666666666,1.0,0.4444444444444444,4,9
391,0.8,0.768,0.7333333333333333,0.8666666666666667,1.0,0.6666666666666666,6,9
392,0.6666666666666666,0.5,-0.6666666666666666,0.16666666666666669,1.0,0.5,4,8
393,0.6666666666666666,0.4666666666666666,-1.0,0.0,1.0,0.5,4,8
394,0.5454545454545454,0.49090909090909085,0.3333333333333333,0.6666666666666666,1.0,0.375,3,8
395,0.5454545454545454,0.5454545454545454,1.0,1.0,1.0,0.375,3,8
396,0.5,0.5,1.0,1.0,1.0,0.3333333333333333,3,9
397,0.5,0.44999999999999996,0.3333333333333333,0.6666666666666666,1.0,0.3333333333333333,3,9
398,0.5454545454545454,0.4363636363636363,-0.3333333333333333,0.33333333333333337,1.0,0.375,3,8
399,0.5,0.44999999999999996,0.3333333333333333,0.6666666666666666,1.0,0.3333333333333333,3,9
400,0.5454545454545454,0.5454545454545454,1.0,1.0,1.0,0.375,3,8
401,0.5454545454545454,0.5454545454545454,1.0,1.0,1.0,0.375,3,8
402,0.6666666666666666,0.5666666666666667,0.0,0.5,1.0,0.5,4,8
403,0.7692307692307693,0.7,0.4,0.7,1.0,0.625,5,8
404,0.6666666666666666,0.5999999999999999,0.3333333333333333,0.6666666666666666,1.0,0.5,4,8
405,0.5454545454545454,0.4363636363636363,-0.3333333333333333,0.33333333333333337,1.0,0.375,3,8
406,0.5454545454545454,0.49090909090909085,0.3333333333333333,0.6666666666666666,1.0,0.375,3,8
407,0.7142857142857143,0.6714285714285714,0.6,0.8,1.0,0.5555555555555556,5,9
408,0.5454545454545454,0.4363636363636363,-0.3333333333333333,0.33333333333333337,1.0,0.375,3,8
409,0.6153846153846153,0.5538461538461538,0.3333333333333333,0.6666666666666666,1.0,0.4444444444444444,4,9
410,0.6153846153846153,0.523076923076923,0.0,0.5,1.0,0.4444444444444444,4,9
411,0.6153846153846153,0.523076923076923,0.0,0.5,1.0,0.4444444444444444,4,9
412,0.6666666666666666,0.5666666666666667,0.0,0.5,1.0,0.5,4,8
413,0.7692307692307693,0.6769230769230768,0.2,0.6,1.0,0.625,5,8
414,0.6666666666666666,0.6333333333333333,0.6666666666666666,0.8333333333333333,1.0,0.5,4,8
415,0.5454545454545454,0.5454545454545454,1.0,1.0,1.0,0.375,3,8
416,0.5,0.5,1.0,1.0,1.0,0.3333333333333333,3,9
417,0.6666666666666666,0.5333333333333332,-0.3333333333333333,0.33333333333333337,1.0,0.5,4,8
418,0.5454545454545454,0.4363636363636363,-0.3333333333333333,0.33333333333333337,1.0,0.375,3,8
419,0.6666666666666666,0.6666666666666666,1.0,1.0,1.0,0.5,4,8
420,0.5714285714285715,0.5142857142857143,0.3333333333333333,0.6666666666666666,1.0,0.4,4,10
421,0.5454545454545454,0.49090909090909085,0.3333333333333333,0.6666666666666666,1.0,0.375,3,8
422,0.6153846153846153,0.523076923076923,0.0,0.5,1.0,0.4444444444444444,4,9
423,0.6666666666666666,0.5666666666666667,0.0,0.5,1.0,0.5,4,8
424,0.6666666666666666,0.5666666666666667,0.0,0.5,1.0,0.5,4,8
425,0.6666666666666666,0.5999999999999999,0.3333333333333333,0.6666666666666666,1.0,0.5,4,8
426,0.6666666666666666,0.6333333333333333,0.6666666666666666,0.8333333333333333,1.0,0.5,4,8
427,0.5714285714285715,0.48571428571428577,0.0,0.5,1.0,0.4,4,10
428,0.6153846153846153,0.5538461538461538,0.3333333333333333,0.6666666666666666,1.0,0.4444444444444444,4,9
429,0.6666666666666666,0.5666666666666667,0.0,0.5,1.0,0.5,4,8
430,0.6666666666666666,0.5999999999999999,0.3333333333333333,0.6666666666666666,1.0,0.5,4,8
431,0.6153846153846153,0.6153846153846153,1.0,1.0,1.0,0.4444444444444444,4,9
432,0.6666666666666666,0.5666666666666667,0.0,0.5,1.0,0.5,4,8
433,0.7692307692307693,0.7461538461538462,0.8,0.9,1.0,0.625,5,8
434,0.7142857142857143,0.6285714285714286,0.2,0.6,1.0,0.5555555555555556,5,9
435,0.5714285714285715,0.4571428571428572,-0.3333333333333333,0.33333333333333337,1.0,0.4,4,10
436,0.4615384615384615,0.3692307692307692,-0.3333333333333333,0.33333333333333337,1.0,0.3,3,10
437,0.6153846153846153,0.4923076923076922,-0.3333333333333333,0.33333333333333337,1.0,0.4444444444444444,4,9
438,0.6666666666666666,0.5466666666666666,-0.2,0.4,1.0,0.5,5,10
439,0.6666666666666666,0.6333333333333333,0.6666666666666666,0.8333333333333333,1.0,0.5,4,8
440,0.5714285714285715,0.5142857142857143,0.3333333333333333,0.6666666666666666,1.0,0.4,4,10
441,0.6666666666666666,0.5999999999999999,0.3333333333333333,0.6666666666666666,1.0,0.5,4,8
442,0.6666666666666666,0.6333333333333333,0.6666666666666666,0.8333333333333333,1.0,0.5,4,8
443,0.7142857142857143,0.6499999999999999,0.4,0.7,1.0,0.5555555555555556,5,9
444,0.6666666666666666,0.5,-0.6666666666666666,0.16666666666666669,1.0,0.5,4,8
445,0.5,0.35,-1.0,0.0,1.0,0.3333333333333333,3,9
446,0.7692307692307693,0.7692307692307693,1.0,1.0,1.0,0.625,5,8
447,0.4615384615384615,0.32307692307692304,-1.0,0.0,1.0,0.3,3,10
448,0.5454545454545454,0.4363636363636363,-0.3333333333333333,0.33333333333333337,1.0,0.375,3,8
449,0.7142857142857143,0.6499999999999999,0.4,0.7,1.0,0.5555555555555556,5,9
450,0.5454545454545454,0.5454545454545454,1.0,1.0,1.0,0.375,3,8
451,0.5454545454545454,0.5454545454545454,1.0,1.0,1.0,0.375,3,8
452,0.5454545454545454,0.5454545454545454,1.0,1.0,1.0,0.375,3,8
453,0.5454545454545454,0.4363636363636363,-0.3333333333333333,0.33333333333333337,1.0,0.375,3,8
454,0.6666666666666666,0.5466666666666666,-0.2,0.4,1.0,0.5,5,10
455,0.5454545454545454,0.49090909090909085,0.3333333333333333,0.6666666666666666,1.0,0.375,3,8
456,0.6153846153846153,0.5538461538461538,0.3333333333333333,0.6666666666666666,1.0,0.4444444444444444,4,9
457,0.6153846153846153,0.5538461538461538,0.3333333333333333,0.6666666666666666,1.0,0.4444444444444444,4,9
458,0.6666666666666666,0.6333333333333333,0.6666666666666666,0.8333333333333333,1.0,0.5,4,8
459,0.6666666666666666,0.5999999999999999,0.3333333333333333,0.6666666666666666,1.0,0.5,4,8
460,0.7692307692307693,0.6769230769230768,0.2,0.6,1.0,0.625,5,8
461,0.5454545454545454,0.4363636363636363,-0.3333333333333333,0.33333333333333337,1.0,0.375,3,8
462,0.7692307692307693,0.6538461538461539,0.0,0.5,1.0,0.625,5,8
463,0.6666666666666666,0.5666666666666667,0.0,0.5,1.0,0.5,4,8
464,0.6666666666666666,0.5999999999999999,0.3333333333333333,0.6666666666666666,1.0,0.5,4,8
465,0.6666666666666666,0.5666666666666667,0.0,0.5,1.0,0.5,4,8
466,0.5454545454545454,0.4363636363636363,-0.3333333333333333,0.33333333333333337,1.0,0.375,3,8
467,0.6153846153846153,0.5846153846153845,0.6666666666666666,0.8333333333333333,1.0,0.4444444444444444,4,9
468,0.6666666666666666,0.5666666666666667,0.0,0.5,1.0,0.5,4,8
469,0.7692307692307693,0.7230769230769231,0.6,0.8,1.0,0.625,5,8
470,0.5454545454545454,0.49090909090909085,0.3333333333333333,0.6666666666666666,1.0,0.375,3,8
471,0.6666666666666666,0.5666666666666667,0.0,0.5,1.0,0.5,4,8
472,0.5714285714285715,0.5714285714285715,1.0,1.0,1.0,0.4,4,10
473,0.5714285714285715,0.5428571428571429,0.6666666666666666,0.8333333333333333,1.0,0.4,4,10
474,0.6666666666666666,0.6333333333333333,0.6666666666666666,0.8333333333333333,1.0,0.5,4,8
475,0.5714285714285715,0.48571428571428577,0.0,0.5,1.0,0.4,4,10
476,0.5,0.5,1.0,1.0,1.0,0.3333333333333333,3,9
477,0.6,0.4799999999999999,-0.3333333333333333,0.33333333333333337,1.0,0.42857142857142855,3,7
478,0.5714285714285715,0.5428571428571429,0.6666666666666666,0.8333333333333333,1.0,0.4,4,10
479,0.6666666666666666,0.6333333333333333,0.6666666666666666,0.8333333333333333,1.0,0.5,4,8
480,0.5454545454545454,0.5454545454545454,1.0,1.0,1.0,0.375,3,8
481,0.6666666666666666,0.5666666666666667,0.0,0.5,1.0,0.5,4,8
482,0.5454545454545454,0.5454545454545454,1.0,1.0,1.0,0.375,3,8
483,0.7142857142857143,0.5642857142857143,-0.4,0.3,1.0,0.5555555555555556,5,9
484,0.6666666666666666,0.5333333333333332,-0.3333333333333333,0.33333333333333337,1.0,0.5,4,8
485,0.6666666666666666,0.5666666666666667,0.0,0.5,1.0,0.5,4,8
486,0.6666666666666666,0.6666666666666666,1.0,1.0,1.0,0.5,4,8
487,0.5454545454545454,0.49090909090909085,0.3333333333333333,0.6666666666666666,1.0,0.375,3,8
488,0.5454545454545454,0.49090909090909085,0.3333333333333333,0.6666666666666666,1.0,0.375,3,8
489,0.5454545454545454,0.49090909090909085,0.3333333333333333,0.6666666666666666,1.0,0.375,3,8
490,0.5454545454545454,0.49090909090909085,0.3333333333333333,0.6666666666666666,1.0,0.375,3,8
491,0.6666666666666666,0.6666666666666666,1.0,1.0,1.0,0.5,4,8
492,0.5454545454545454,0.49090909090909085,0.3333333333333333,0.6666666666666666,1.0,0.375,3,8
493,0.7692307692307693,0.6307692307692307,-0.2,0.4,1.0,0.625,5,8
494,0.6666666666666666,0.5333333333333332,-0.3333333333333333,0.33333333333333337,1.0,0.5,4,8
495,0.5454545454545454,0.5454545454545454,1.0,1.0,1.0,0.375,3,8
496,0.5454545454545454,0.49090909090909085,0.3333333333333333,0.6666666666666666,1.0,0.375,3,8
497,0.7142857142857143,0.7142857142857143,1.0,1.0,1.0,0.5555555555555556,5,9
498,0.6153846153846153,0.523076923076923,0.0,0.5,1.0,0.4444444444444444,4,9
499,0.7272727272727273,0.6545454545454545,0.3333333333333333,0.6666666666666666,1.0,0.5714285714285714,4,7
500,0.6666666666666666,0.6333333333333333,0.6666666666666666,0.8333333333333333,1.0,0.5,4,8
501,0.5,0.39999999999999997,-0.3333333333333333,0.33333333333333337,1.0,0.3333333333333333,3,9
502,0.7692307692307693,0.6307692307692307,-0.2,0.4,1.0,0.625,5,8
503,0.6666666666666666,0.6666666666666666,1.0,1.0,1.0,0.5,4,8
504,0.4615384615384615,0.4615384615384615,1.0,1.0,1.0,0.3,3,10
505,0.6666666666666666,0.6666666666666666,1.0,1.0,1.0,0.5,4,8
506,0.7692307692307693,0.6538461538461539,0.0,0.5,1.0,0.625,5,8
507,0.7692307692307693,0.7,0.4,0.7,1.0,0.625,5,8
508,0.6666666666666666,0.6666666666666666,1.0,1.0,1.0,0.5,4,8
509,0.6666666666666666,0.5999999999999999,0.3333333333333333,0.6666666666666666,1.0,0.5,4,8
510,0.6666666666666666,0.5666666666666667,0.0,0.5,1.0,0.5,4,8
511,0.6153846153846153,0.523076923076923,0.0,0.5,1.0,0.4444444444444444,4,9
512,0.6666666666666666,0.6466666666666666,0.8,0.9,1.0,0.5,5,10
513,0.5454545454545454,0.49090909090909085,0.3333333333333333,0.6666666666666666,1.0,0.375,3,8
514,0.6666666666666666,0.5666666666666667,0.0,0.5,1.0,0.5,4,8
515,0.6666666666666666,0.6666666666666666,1.0,1.0,1.0,0.5,4,8
516,0.7692307692307693,0.6538461538461539,0.0,0.5,1.0,0.625,5,8
517,0.5,0.5,1.0,1.0,1.0,0.3333333333333333,3,9
518,0.6666666666666666,0.5666666666666667,0.0,0.5,1.0,0.5,4,8
519,0.5454545454545454,0.3818181818181818,-1.0,0.0,1.0,0.375,3,8
520,0.6666666666666666,0.5333333333333332,-0.3333333333333333,0.33333333333333337,1.0,0.5,4,8
521,0.7692307692307693,0.6769230769230768,0.2,0.6,1.0,0.625,5,8
522,0.5,0.44999999999999996,0.3333333333333333,0.6666666666666666,1.0,0.3333333333333333,3,9
523,0.7692307692307693,0.6307692307692307,-0.2,0.4,1.0,0.625,5,8
524,0.6153846153846153,0.4923076923076922,-0.3333333333333333,0.33333333333333337,1.0,0.4444444444444444,4,9
525,0.5454545454545454,0.5454545454545454,1.0,1.0,1.0,0.375,3,8
526,0.6666666666666666,0.5333333333333332,-0.3333333333333333,0.33333333333333337,1.0,0.5,4,8
527,0.8571428571428571,0.7028571428571427,-0.2,0.4,1.0,0.75,6,8
528,0.7692307692307693,0.5846153846153846,-0.6,0.2,1.0,0.625,5,8
529,0.5454545454545454,0.49090909090909085,0.3333333333333333,0.6666666666666666,1.0,0.375,3,8
530,0.5454545454545454,0.5454545454545454,1.0,1.0,1.0,0.375,3,8
531,0.5,0.5,1.0,1.0,1.0,0.3333333333333333,3,9
532,0.5454545454545454,0.5454545454545454,1.0,1.0,1.0,0.375,3,8
533,0.6666666666666666,0.6666666666666666,1.0,1.0,1.0,0.5,4,8
534,0.5454545454545454,0.49090909090909085,0.3333333333333333,0.6666666666666666,1.0,0.375,3,8
535,0.5454545454545454,0.4363636363636363,-0.3333333333333333,0.33333333333333337,1.0,0.375,3,8
536,0.6153846153846153,0.523076923076923,0.0,0.5,1.0,0.4444444444444444,4,9
537,0.6666666666666666,0.4666666666666666,-1.0,0.0,1.0,0.5,4,8
538,0.6153846153846153,0.5846153846153845,0.6666666666666666,0.8333333333333333,1.0,0.4444444444444444,4,9
539,0.6153846153846153,0.5846153846153845,0.6666666666666666,0.8333333333333333,1.0,0.4444444444444444,4,9
540,0.6153846153846153,0.523076923076923,0.0,0.5,1.0,0.4444444444444444,4,9
541,0.5,0.5,1.0,1.0,1.0,0.3333333333333333,3,9
542,0.6666666666666666,0.5999999999999999,0.3333333333333333,0.6666666666666666,1.0,0.5,4,8
543,0.7692307692307693,0.7,0.4,0.7,1.0,0.625,5,8
544,0.6666666666666666,0.5666666666666667,0.0,0.5,1.0,0.5,4,8
545,0.7692307692307693,0.6307692307692307,-0.2,0.4,1.0,0.625,5,8
546,0.6153846153846153,0.4923076923076922,-0.3333333333333333,0.33333333333333337,1.0,0.4444444444444444,4,9
547,0.5714285714285715,0.4285714285714286,-0.6666666666666666,0.16666666666666669,1.0,0.4,4,10
548,0.7692307692307693,0.7,0.4,0.7,1.0,0.625,5,8
549,0.5454545454545454,0.5454545454545454,1.0,1.0,1.0,0.375,3,8
550,0.5454545454545454,0.49090909090909085,0.3333333333333333,0.6666666666666666,1.0,0.375,3,8
551,0.6666666666666666,0.5,-0.6666666666666666,0.16666666666666669,1.0,0.5,4,8
552,0.6153846153846153,0.5538461538461538,0.3333333333333333,0.6666666666666666,1.0,0.4444444444444444,4,9
553,0.6666666666666666,0.6666666666666666,1.0,1.0,1.0,0.5,4,8
554,0.5454545454545454,0.49090909090909085,0.3333333333333333,0.6666666666666666,1.0,0.375,3,8
555,0.5454545454545454,0.49090909090909085,0.3333333333333333,0.6666666666666666,1.0,0.375,3,8
556,0.5454545454545454,0.4363636363636363,-0.3333333333333333,0.33333333333333337,1.0,0.375,3,8
557,0.6666666666666666,0.5999999999999999,0.3333333333333333,0.6666666666666666,1.0,0.5,4,8
558,0.7142857142857143,0.6071428571428571,0.0,0.5,1.0,0.5555555555555556,5,9
559,0.5454545454545454,0.4363636363636363,-0.3333333333333333,0.33333333333333337,1.0,0.375,3,8
560,0.6666666666666666,0.5666666666666667,0.0,0.5,1.0,0.5,4,8
561,0.6666666666666666,0.6333333333333333,0.6666666666666666,0.8333333333333333,1.0,0.5,4,8
562,0.5454545454545454,0.4363636363636363,-0.3333333333333333,0.33333333333333337,1.0,0.375,3,8
563,0.6153846153846153,0.5846153846153845,0.6666666666666666,0.8333333333333333,1.0,0.4444444444444444,4,9
564,0.7692307692307693,0.7,0.4,0.7,1.0,0.625,5,8
565,0.5,0.39999999999999997,-0.3333333333333333,0.33333333333333337,1.0,0.3333333333333333,4,12
566,0.6666666666666666,0.6333333333333333,0.6666666666666666,0.8333333333333333,1.0,0.5,4,8
567,0.5454545454545454,0.3818181818181818,-1.0,0.0,1.0,0.375,3,8
568,0.7692307692307693,0.7230769230769231,0.6,0.8,1.0,0.625,5,8
569,0.5,0.39999999999999997,-0.3333333333333333,0.33333333333333337,1.0,0.3333333333333333,3,9
570,0.7692307692307693,0.6538461538461539,0.0,0.5,1.0,0.625,5,8
571,0.6666666666666666,0.5666666666666667,0.0,0.5,1.0,0.5,4,8
572,0.5714285714285715,0.5428571428571429,0.6666666666666666,0.8333333333333333,1.0,0.4,4,10
573,0.7692307692307693,0.6538461538461539,0.0,0.5,1.0,0.625,5,8
574,0.5454545454545454,0.49090909090909085,0.3333333333333333,0.6666666666666666,1.0,0.375,3,8
575,0.6666666666666666,0.5666666666666667,0.0,0.5,1.0,0.5,4,8
576,0.7142857142857143,0.6285714285714286,0.2,0.6,1.0,0.5555555555555556,5,9
577,0.7692307692307693,0.5615384615384615,-0.8,0.09999999999999998,1.0,0.625,5,8
578,0.6153846153846153,0.5538461538461538,0.3333333333333333,0.6666666666666666,1.0,0.4444444444444444,4,9
579,0.5454545454545454,0.49090909090909085,0.3333333333333333,0.6666666666666666,1.0,0.375,3,8
580,0.5,0.39999999999999997,-0.3333333333333333,0.33333333333333337,1.0,0.3333333333333333,3,9
581,0.7692307692307693,0.7461538461538462,0.8,0.9,1.0,0.625,5,8
582,0.5454545454545454,0.49090909090909085,0.3333333333333333,0.6666666666666666,1.0,0.375,3,8
583,0.6153846153846153,0.523076923076923,0.0,0.5,1.0,0.4444444444444444,4,9
584,0.6153846153846153,0.523076923076923,0.0,0.5,1.0,0.4444444444444444,4,9
585,0.5,0.5,1.0,1.0,1.0,0.3333333333333333,3,9
586,0.6666666666666666,0.5999999999999999,0.3333333333333333,0.6666666666666666,1.0,0.5,4,8
587,0.5454545454545454,0.4363636363636363,-0.3333333333333333,0.33333333333333337,1.0,0.375,3,8
588,0.7692307692307693,0.6769230769230768,0.2,0.6,1.0,0.625,5,8
589,0.6666666666666666,0.5999999999999999,0.3333333333333333,0.6666666666666666,1.0,0.5,4,8
590,0.5454545454545454,0.4363636363636363,-0.3333333333333333,0.33333333333333337,1.0,0.375,3,8
591,0.6666666666666666,0.5333333333333332,-0.3333333333333333,0.33333333333333337,1.0,0.5,4,8
592,0.6666666666666666,0.5333333333333332,-0.3333333333333333,0.33333333333333337,1.0,0.5,4,8
593,0.5454545454545454,0.4363636363636363,-0.3333333333333333,0.33333333333333337,1.0,0.375,3,8
594,0.6666666666666666,0.5666666666666667,0.0,0.5,1.0,0.5,4,8
595,0.6666666666666666,0.5333333333333332,-0.3333333333333333,0.33333333333333337,1.0,0.5,4,8
596,0.5454545454545454,0.4363636363636363,-0.3333333333333333,0.33333333333333337,1.0,0.375,3,8
597,0.5454545454545454,0.5454545454545454,1.0,1.0,1.0,0.375,3,8
598,0.6153846153846153,0.5846153846153845,0.6666666666666666,0.8333333333333333,1.0,0.4444444444444444,4,9
599,0.5,0.44999999999999996,0.3333333333333333,0.6666666666666666,1.0,0.3333333333333333,3,9
600,0.7692307692307693,0.6769230769230768,0.2,0.6,1.0,0.625,5,8
601,0.6153846153846153,0.5538461538461538,0.3333333333333333,0.6666666666666666,1.0,0.4444444444444444,4,9
602,0.5454545454545454,0.4363636363636363,-0.3333333333333333,0.33333333333333337,1.0,0.375,3,8
603,0.6153846153846153,0.5846153846153845,0.6666666666666666,0.8333333333333333,1.0,0.4444444444444444,4,9
604,0.7692307692307693,0.7,0.4,0.7,1.0,0.625,5,8
605,0.6666666666666666,0.6333333333333333,0.6666666666666666,0.8333333333333333,1.0,0.5,4,8
606,0.6666666666666666,0.5999999999999999,0.3333333333333333,0.6666666666666666,1.0,0.5,4,8
607,0.5454545454545454,0.5454545454545454,1.0,1.0,1.0,0.375,3,8
608,0.7272727272727273,0.6909090909090909,0.6666666666666666,0.8333333333333333,1.0,0.5714285714285714,4,7
609,0.5454545454545454,0.5454545454545454,1.0,1.0,1.0,0.375,3,8
610,0.5714285714285715,0.5142857142857143,0.3333333333333333,0.6666666666666666,1.0,0.4,4,10
611,0.6666666666666666,0.5666666666666667,0.0,0.5,1.0,0.5,4,8
612,0.5454545454545454,0.49090909090909085,0.3333333333333333,0.6666666666666666,1.0,0.375,3,8
613,0.5454545454545454,0.49090909090909085,0.3333333333333333,0.6666666666666666,1.0,0.375,3,8
614,0.4615384615384615,0.4615384615384615,1.0,1.0,1.0,0.3,3,10
615,0.5454545454545454,0.5454545454545454,1.0,1.0,1.0,0.375,3,8
616,0.5,0.39999999999999997,-0.3333333333333333,0.33333333333333337,1.0,0.3333333333333333,3,9
617,0.6666666666666666,0.5999999999999999,0.3333333333333333,0.6666666666666666,1.0,0.5,4,8
618,0.7692307692307693,0.7,0.4,0.7,1.0,0.625,5,8
619,0.6153846153846153,0.5538461538461538,0.3333333333333333,0.6666666666666666,1.0,0.4444444444444444,4,9
620,0.6666666666666666,0.5333333333333332,-0.3333333333333333,0.33333333333333337,1.0,0.5,4,8
621,0.5454545454545454,0.4363636363636363,-0.3333333333333333,0.33333333333333337,1.0,0.375,3,8
622,0.5454545454545454,0.4363636363636363,-0.3333333333333333,0.33333333333333337,1.0,0.375,3,8
623,0.6666666666666666,0.5333333333333332,-0.3333333333333333,0.33333333333333337,1.0,0.5,4,8
624,0.5714285714285715,0.48571428571428577,0.0,0.5,1.0,0.4,4,10
625,0.6666666666666666,0.6333333333333333,0.6666666666666666,0.8333333333333333,1.0,0.5,4,8
626,0.6666666666666666,0.5266666666666666,-0.4,0.3,1.0,0.5,5,10
627,0.5454545454545454,0.4363636363636363,-0.3333333333333333,0.33333333333333337,1.0,0.375,3,8
628,0.6666666666666666,0.5333333333333332,-0.3333333333333333,0.33333333333333337,1.0,0.5,4,8
629,0.8571428571428571,0.7542857142857141,0.2,0.6,1.0,0.75,6,8
630,0.6666666666666666,0.5999999999999999,0.3333333333333333,0.6666666666666666,1.0,0.5,4,8
631,0.5454545454545454,0.4363636363636363,-0.3333333333333333,0.33333333333333337,1.0,0.375,3,8
632,0.5454545454545454,0.5454545454545454,1.0,1.0,1.0,0.375,3,8
633,0.6666666666666666,0.6666666666666666,1.0,1.0,1.0,0.5,4,8
634,0.6666666666666666,0.5666666666666667,0.0,0.5,1.0,0.5,4,8
635,0.5454545454545454,0.4363636363636363,-0.3333333333333333,0.33333333333333337,1.0,0.375,3,8
636,0.6666666666666666,0.5333333333333332,-0.3333333333333333,0.33333333333333337,1.0,0.5,4,8
637,0.6666666666666666,0.6333333333333333,0.6666666666666666,0.8333333333333333,1.0,0.5,4,8
638,0.5454545454545454,0.49090909090909085,0.3333333333333333,0.6666666666666666,1.0,0.375,3,8
639,0.6666666666666666,0.5333333333333332,-0.3333333333333333,0.33333333333333337,1.0,0.5,4,8
640,0.4,0.36,0.3333333333333333,0.6666666666666666,1.0,0.25,3,12
641,0.7692307692307693,0.7,0.4,0.7,1.0,0.625,5,8
642,0.7142857142857143,0.5857142857142857,-0.2,0.4,1.0,0.5555555555555556,5,9
643,0.5,0.44999999999999996,0.3333333333333333,0.6666666666666666,1.0,0.3333333333333333,3,9
644,0.5454545454545454,0.4363636363636363,-0.3333333333333333,0.33333333333333337,1.0,0.375,3,8
645,0.6666666666666666,0.5666666666666667,0.0,0.5,1.0,0.5,4,8
646,0.6,0.4799999999999999,-0.3333333333333333,0.33333333333333337,1.0,0.42857142857142855,3,7
647,0.5454545454545454,0.49090909090909085,0.3333333333333333,0.6666666666666666,1.0,0.375,3,8
648,0.5454545454545454,0.4363636363636363,-0.3333333333333333,0.33333333333333337,1.0,0.375,3,8
649,0.6153846153846153,0.46153846153846145,-0.6666666666666666,0.16666666666666669,1.0,0.4444444444444444,4,9
650,0.7692307692307693,0.7230769230769231,0.6,0.8,1.0,0.625,5,8
651,0.5,0.35,-1.0,0.0,1.0,0.3333333333333333,3,9
652,0.6666666666666666,0.5666666666666667,0.0,0.5,1.0,0.5,4,8
653,0.7692307692307693,0.6538461538461539,0.0,0.5,1.0,0.625,5,8
654,0.7692307692307693,0.6538461538461539,0.0,0.5,1.0,0.625,5,8
655,0.5454545454545454,0.4363636363636363,-0.3333333333333333,0.33333333333333337,1.0,0.375,3,8
656,0.5454545454545454,0.49090909090909085,0.3333333333333333,0.6666666666666666,1.0,0.375,3,8
657,0.6666666666666666,0.6333333333333333,0.6666666666666666,0.8333333333333333,1.0,0.5,4,8
658,0.6666666666666666,0.5333333333333332,-0.3333333333333333,0.33333333333333337,1.0,0.5,4,8
659,0.6153846153846153,0.6153846153846153,1.0,1.0,1.0,0.4444444444444444,4,9
660,0.6666666666666666,0.5666666666666667,0.0,0.5,1.0,0.5,4,8
661,0.6153846153846153,0.6153846153846153,1.0,1.0,1.0,0.4444444444444444,4,9
662,0.6666666666666666,0.5666666666666667,0.0,0.5,1.0,0.5,4,8
663,0.5454545454545454,0.49090909090909085,0.3333333333333333,0.6666666666666666,1.0,0.375,3,8
664,0.6666666666666666,0.5999999999999999,0.3333333333333333,0.6666666666666666,1.0,0.5,4,8
665,0.6666666666666666,0.6333333333333333,0.6666666666666666,0.8333333333333333,1.0,0.5,4,8
666,0.6666666666666666,0.5666666666666667,0.0,0.5,1.0,0.5,4,8
667,0.6666666666666666,0.6333333333333333,0.6666666666666666,0.8333333333333333,1.0,0.5,4,8
668,0.7142857142857143,0.6071428571428571,0.0,0.5,1.0,0.5555555555555556,5,9
669,0.5454545454545454,0.49090909090909085,0.3333333333333333,0.6666666666666666,1.0,0.375,3,8
670,0.6666666666666666,0.6333333333333333,0.6666666666666666,0.8333333333333333,1.0,0.5,4,8
671,0.6666666666666666,0.6333333333333333,0.6666666666666666,0.8333333333333333,1.0,0.5,4,8
672,0.5454545454545454,0.4363636363636363,-0.3333333333333333,0.33333333333333337,1.0,0.375,3,8
673,0.5454545454545454,0.49090909090909085,0.3333333333333333,0.6666666666666666,1.0,0.375,3,8
674,0.7692307692307693,0.6307692307692307,-0.2,0.4,1.0,0.625,5,8
675,0.7142857142857143,0.6071428571428571,0.0,0.5,1.0,0.5555555555555556,5,9
676,0.6666666666666666,0.6666666666666666,1.0,1.0,1.0,0.5,4,8
677,0.7142857142857143,0.5857142857142857,-0.2,0.4,1.0,0.5555555555555556,5,9
678,0.6666666666666666,0.6066666666666666,0.4,0.7,1.0,0.5,5,10
679,0.4615384615384615,0.4615384615384615,1.0,1.0,1.0,0.3,3,10
680,0.5454545454545454,0.5454545454545454,1.0,1.0,1.0,0.375,3,8
681,0.625,0.5125,-0.2,0.4,1.0,0.45454545454545453,5,11
682,0.6666666666666666,0.5666666666666667,0.0,0.5,1.0,0.5,5,10
683,0.6153846153846153,0.523076923076923,0.0,0.5,1.0,0.4444444444444444,4,9
684,0.6153846153846153,0.5846153846153845,0.6666666666666666,0.8333333333333333,1.0,0.4444444444444444,4,9
685,0.5454545454545454,0.3818181818181818,-1.0,0.0,1.0,0.375,3,8
686,0.6153846153846153,0.5846153846153845,0.6666666666666666,0.8333333333333333,1.0,0.4444444444444444,4,9
687,0.5454545454545454,0.3818181818181818,-1.0,0.0,1.0,0.375,3,8
688,0.7692307692307693,0.7,0.4,0.7,1.0,0.625,5,8
689,0.6666666666666666,0.5999999999999999,0.3333333333333333,0.6666666666666666,1.0,0.5,4,8
690,0.6666666666666666,0.5999999999999999,0.3333333333333333,0.6666666666666666,1.0,0.5,4,8
691,0.7142857142857143,0.6071428571428571,0.0,0.5,1.0,0.5555555555555556,5,9
692,0.7142857142857143,0.6285714285714286,0.2,0.6,1.0,0.5555555555555556,5,9
693,0.6666666666666666,0.5,-0.6666666666666666,0.16666666666666669,1.0,0.5,4,8
694,0.6666666666666666,0.5,-0.6666666666666666,0.16666666666666669,1.0,0.5,4,8
695,0.6666666666666666,0.6333333333333333,0.6666666666666666,0.8333333333333333,1.0,0.5,4,8
696,0.5454545454545454,0.5454545454545454,1.0,1.0,1.0,0.375,3,8
697,0.5,0.5,1.0,1.0,1.0,0.3333333333333333,3,9
698,0.5454545454545454,0.4363636363636363,-0.3333333333333333,0.33333333333333337,1.0,0.375,3,8
699,0.5454545454545454,0.4363636363636363,-0.3333333333333333,0.33333333333333337,1.0,0.375,3,8
700,0.7142857142857143,0.6071428571428571,0.0,0.5,1.0,0.5555555555555556,5,9
701,0.6153846153846153,0.5538461538461538,0.3333333333333333,0.6666666666666666,1.0,0.4444444444444444,4,9
702,0.7692307692307693,0.7,0.4,0.7,1.0,0.625,5,8
703,0.4615384615384615,0.4615384615384615,1.0,1.0,1.0,0.3,3,10
704,0.6666666666666666,0.5999999999999999,0.3333333333333333,0.6666666666666666,1.0,0.5,4,8
705,0.6666666666666666,0.5666666666666667,0.0,0.5,1.0,0.5,4,8
706,0.6666666666666666,0.6333333333333333,0.6666666666666666,0.8333333333333333,1.0,0.5,4,8
707,0.5454545454545454,0.3818181818181818,-1.0,0.0,1.0,0.375,3,8
708,0.6666666666666666,0.6666666666666666,1.0,1.0,1.0,0.5,4,8
709,0.6666666666666666,0.5999999999999999,0.3333333333333333,0.6666666666666666,1.0,0.5,4,8
710,0.7142857142857143,0.6285714285714286,0.2,0.6,1.0,0.5555555555555556,5,9
711,0.5,0.39999999999999997,-0.3333333333333333,0.33333333333333337,1.0,0.3333333333333333,3,9
712,0.5454545454545454,0.49090909090909085,0.3333333333333333,0.6666666666666666,1.0,0.375,3,8
713,0.7692307692307693,0.6307692307692307,-0.2,0.4,1.0,0.625,5,8
714,0.6153846153846153,0.5538461538461538,0.3333333333333333,0.6666666666666666,1.0,0.4444444444444444,4,9
715,0.6666666666666666,0.5999999999999999,0.3333333333333333,0.6666666666666666,1.0,0.5,4,8
716,0.6153846153846153,0.523076923076923,0.0,0.5,1.0,0.4444444444444444,4,9
717,0.6153846153846153,0.5538461538461538,0.3333333333333333,0.6666666666666666,1.0,0.4444444444444444,4,9
718,0.6666666666666666,0.6666666666666666,1.0,1.0,1.0,0.5,4,8
719,0.6666666666666666,0.5999999999999999,0.3333333333333333,0.6666666666666666,1.0,0.5,4,8
720,0.6666666666666666,0.5999999999999999,0.3333333333333333,0.6666666666666666,1.0,0.5,4,8
721,0.5454545454545454,0.4363636363636363,-0.3333333333333333,0.33333333333333337,1.0,0.375,3,8
722,0.6666666666666666,0.6333333333333333,0.6666666666666666,0.8333333333333333,1.0,0.5,4,8
723,0.7692307692307693,0.5846153846153846,-0.6,0.2,1.0,0.625,5,8
724,0.5454545454545454,0.49090909090909085,0.3333333333333333,0.6666666666666666,1.0,0.375,3,8
725,0.6666666666666666,0.5666666666666667,0.0,0.5,1.0,0.5,4,8
727,0.6666666666666666,0.6666666666666666,1.0,1.0,1.0,0.5,4,8
728,0.5,0.5,1.0,1.0,1.0,0.3333333333333333,3,9
729,0.6666666666666666,0.5266666666666666,-0.4,0.3,1.0,0.5,5,10
730,0.8571428571428571,0.7028571428571427,-0.2,0.4,1.0,0.75,6,8
731,0.7142857142857143,0.6285714285714286,0.2,0.6,1.0,0.5555555555555556,5,9
732,0.5454545454545454,0.5454545454545454,1.0,1.0,1.0,0.375,3,8
733,0.6666666666666666,0.5666666666666667,0.0,0.5,1.0,0.5,5,10
734,0.5,0.5,1.0,1.0,1.0,0.3333333333333333,3,9
735,0.5333333333333333,0.42666666666666664,-0.3333333333333333,0.33333333333333337,1.0,0.36363636363636365,4,11
736,0.5454545454545454,0.49090909090909085,0.3333333333333333,0.6666666666666666,1.0,0.375,3,8
737,0.5882352941176471,0.5176470588235293,0.2,0.6,1.0,0.4166666666666667,5,12
738,0.5454545454545454,0.4363636363636363,-0.3333333333333333,0.33333333333333337,1.0,0.375,3,8
739,0.5454545454545454,0.5454545454545454,1.0,1.0,1.0,0.375,3,8
740,0.7142857142857143,0.6714285714285714,0.6,0.8,1.0,0.5555555555555556,5,9
741,0.5454545454545454,0.5454545454545454,1.0,1.0,1.0,0.375,3,8
742,0.6666666666666666,0.6333333333333333,0.6666666666666666,0.8333333333333333,1.0,0.5,4,8
743,0.7142857142857143,0.6714285714285714,0.6,0.8,1.0,0.5555555555555556,5,9
744,0.6666666666666666,0.5666666666666667,0.0,0.5,1.0,0.5,4,8
745,0.5454545454545454,0.5454545454545454,1.0,1.0,1.0,0.375,3,8
746,0.6666666666666666,0.6666666666666666,1.0,1.0,1.0,0.5,4,8
747,0.6666666666666666,0.5666666666666667,0.0,0.5,1.0,0.5,4,8
748,0.6153846153846153,0.6153846153846153,1.0,1.0,1.0,0.4444444444444444,4,9
749,0.6666666666666666,0.5999999999999999,0.3333333333333333,0.6666666666666666,1.0,0.5,4,8
750,0.5454545454545454,0.49090909090909085,0.3333333333333333,0.6666666666666666,1.0,0.375,3,8
751,0.5454545454545454,0.5454545454545454,1.0,1.0,1.0,0.375,3,8
752,0.5454545454545454,0.5454545454545454,1.0,1.0,1.0,0.375,3,8
753,0.5454545454545454,0.5454545454545454,1.0,1.0,1.0,0.375,3,8
754,0.7142857142857143,0.6071428571428571,0.0,0.5,1.0,0.5555555555555556,5,9
755,0.5333333333333333,0.42666666666666664,-0.3333333333333333,0.33333333333333337,1.0,0.36363636363636365,4,11
756,0.6153846153846153,0.5846153846153845,0.6666666666666666,0.8333333333333333,1.0,0.4444444444444444,4,9
757,0.5454545454545454,0.49090909090909085,0.3333333333333333,0.6666666666666666,1.0,0.375,3,8
758,0.5714285714285715,0.5142857142857143,0.3333333333333333,0.6666666666666666,1.0,0.4,4,10
759,0.5454545454545454,0.49090909090909085,0.3333333333333333,0.6666666666666666,1.0,0.375,3,8
760,0.6666666666666666,0.5666666666666667,0.0,0.5,1.0,0.5,4,8
761,0.6666666666666666,0.5333333333333332,-0.3333333333333333,0.33333333333333337,1.0,0.5,4,8
762,0.6666666666666666,0.6333333333333333,0.6666666666666666,0.8333333333333333,1.0,0.5,4,8
763,0.7142857142857143,0.6285714285714286,0.2,0.6,1.0,0.5555555555555556,5,9
764,0.6666666666666666,0.5999999999999999,0.3333333333333333,0.6666666666666666,1.0,0.5,4,8
765,0.5555555555555556,0.4722222222222222,0.0,0.5,1.0,0.38461538461538464,5,13
766,0.7058823529411764,0.6211764705882351,0.2,0.6,1.0,0.5454545454545454,6,11
767,0.7058823529411764,0.6070588235294117,0.06666666666666667,0.5333333333333333,1.0,0.5454545454545454,6,11
768,0.6153846153846153,0.523076923076923,0.0,0.5,1.0,0.4444444444444444,4,9
769,0.631578947368421,0.5810526315789473,0.4666666666666667,0.7333333333333334,1.0,0.46153846153846156,6,13
770,0.3636363636363636,0.309090909090909,0.0,0.5,1.0,0.2222222222222222,4,18
771,0.47619047619047616,0.3904761904761904,-0.2,0.4,1.0,0.3125,5,16
772,0.8181818181818181,0.7227272727272727,0.2222222222222222,0.6111111111111112,1.0,0.6923076923076923,9,13
773,0.7000000000000001,0.62,0.23809523809523808,0.6190476190476191,1.0,0.5384615384615384,7,13
774,0.5555555555555556,0.4888888888888889,0.2,0.6,1.0,0.38461538461538464,5,13
775,0.47058823529411764,0.39999999999999997,0.0,0.5,1.0,0.3076923076923077,4,13
776,0.8,0.8,1.0,1.0,1.0,0.6666666666666666,4,6
777,0.6666666666666666,0.6466666666666666,0.8,0.9,1.0,0.5,5,10
778,0.47058823529411764,0.37647058823529406,-0.3333333333333333,0.33333333333333337,1.0,0.3076923076923077,4,13
779,0.5555555555555556,0.4222222222222222,-0.6,0.2,1.0,0.38461538461538464,5,13
780,0.7000000000000001,0.65,0.5238095238095238,0.7619047619047619,1.0,0.5384615384615384,7,13
781,0.8,0.704,0.2,0.6,1.0,0.6666666666666666,6,9
782,0.8333333333333333,0.7583333333333332,0.4,0.7,1.0,0.7142857142857143,5,7
783,0.5,0.365,-0.8,0.09999999999999998,1.0,0.3333333333333333,5,15
784,0.8,0.68,0.0,0.5,1.0,0.6666666666666666,8,12
785,0.4117647058823529,0.34117647058823525,-0.14285714285714285,0.4285714285714286,1.0,0.25925925925925924,7,27
786,0.6666666666666666,0.5266666666666666,-0.4,0.3,1.0,0.5,5,10
787,0.33333333333333337,0.33333333333333337,1.0,1.0,1.0,0.2,3,15
788,0.5333333333333333,0.4533333333333333,0.0,0.5,1.0,0.36363636363636365,4,11
789,0.5714285714285715,0.48571428571428577,0.0,0.5,1.0,0.4,4,10
790,0.56,0.49600000000000005,0.23809523809523808,0.6190476190476191,1.0,0.3888888888888889,7,18
791,0.4210526315789474,0.31578947368421056,-0.6666666666666666,0.16666666666666669,1.0,0.26666666666666666,4,15
792,0.5,0.39999999999999997,-0.3333333333333333,0.33333333333333337,1.0,0.3333333333333333,4,12
793,0.5555555555555556,0.40555555555555556,-0.8,0.09999999999999998,1.0,0.38461538461538464,5,13
794,0.4347826086956522,0.3826086956521739,0.2,0.6,1.0,0.2777777777777778,5,18
795,0.4,0.32,-0.3333333333333333,0.33333333333333337,1.0,0.25,4,16
796,0.6666666666666666,0.5999999999999999,0.3333333333333333,0.6666666666666666,1.0,0.5,4,8
798,0.5454545454545454,0.5127272727272727,0.6,0.8,1.0,0.375,6,16
799,0.4,0.34400000000000003,0.06666666666666667,0.5333333333333333,1.0,0.25,6,24
800,0.6666666666666666,0.5999999999999999,0.3333333333333333,0.6666666666666666,1.0,0.5,6,12
801,0.6086956521739131,0.4782608695652174,-0.42857142857142855,0.2857142857142857,1.0,0.4375,7,16
802,0.5714285714285715,0.44571428571428573,-0.4666666666666667,0.26666666666666666,1.0,0.4,6,15
803,0.5925925925925926,0.548148148148148,0.5,0.75,1.0,0.42105263157894735,8,19
804,0.625,0.56875,0.4,0.7,1.0,0.45454545454545453,5,11
805,0.5555555555555556,0.4722222222222222,0.0,0.5,1.0,0.38461538461538464,5,13
806,0.47619047619047616,0.4333333333333333,0.4,0.7,1.0,0.3125,5,16
807,0.8750000000000001,0.7625,0.14285714285714285,0.5714285714285714,1.0,0.7777777777777778,7,9
808,0.5263157894736842,0.4157894736842105,-0.4,0.3,1.0,0.35714285714285715,5,14
809,0.5454545454545454,0.5018181818181817,0.4666666666666667,0.7333333333333334,1.0,0.375,6,16
810,0.4166666666666667,0.4041666666666667,0.8,0.9,1.0,0.2631578947368421,5,19
811,0.6153846153846153,0.523076923076923,0.0,0.5,1.0,0.4444444444444444,4,9
812,0.45454545454545453,0.34545454545454546,-0.6,0.2,1.0,0.29411764705882354,5,17
813,0.5,0.39999999999999997,-0.3333333333333333,0.33333333333333337,1.0,0.3333333333333333,4,12
814,0.5,0.38999999999999996,-0.4666666666666667,0.26666666666666666,1.0,0.3333333333333333,6,18
815,0.47058823529411764,0.47058823529411764,1.0,1.0,1.0,0.3076923076923077,4,13
816,0.4347826086956522,0.3695652173913044,0.0,0.5,1.0,0.2777777777777778,5,18
817,0.7000000000000001,0.61,0.14285714285714285,0.5714285714285714,1.0,0.5384615384615384,7,13
818,0.5217391304347826,0.4904347826086956,0.6,0.8,1.0,0.35294117647058826,6,17
819,0.5555555555555556,0.5222222222222223,0.6,0.8,1.0,0.38461538461538464,5,13
820,0.6,0.5279999999999999,0.2,0.6,1.0,0.42857142857142855,6,14
821,0.8571428571428571,0.7357142857142857,0.05555555555555555,0.5277777777777778,1.0,0.75,9,12
822,0.7027027027027027,0.6405405405405404,0.41025641025641024,0.7051282051282051,1.0,0.5416666666666666,13,24
823,0.6363636363636364,0.5818181818181818,0.42857142857142855,0.7142857142857143,1.0,0.4666666666666667,7,15
824,0.9523809523809523,0.819047619047619,0.06666666666666667,0.5333333333333333,1.0,0.9090909090909091,10,11
825,0.47619047619047616,0.4476190476190476,0.6,0.8,1.0,0.3125,5,16
826,0.5,0.39999999999999997,-0.3333333333333333,0.33333333333333337,1.0,0.3333333333333333,4,12
827,0.47058823529411764,0.39999999999999997,0.0,0.5,1.0,0.3076923076923077,4,13
828,0.7368421052631579,0.6736842105263158,0.42857142857142855,0.7142857142857143,1.0,0.5833333333333334,7,12
829,0.7777777777777778,0.6333333333333333,-0.23809523809523808,0.38095238095238093,1.0,0.6363636363636364,7,11
830,0.4,0.364,0.4,0.7,1.0,0.25,5,20
831,0.7000000000000001,0.64,0.42857142857142855,0.7142857142857143,1.0,0.5384615384615384,7,13
832,0.6086956521739131,0.5565217391304348,0.42857142857142855,0.7142857142857143,1.0,0.4375,7,16
833,0.9600000000000001,0.7854545454545454,-0.21212121212121213,0.3939393939393939,0.9230769230769231,1.0,13,12
834,0.72,0.576,-0.3333333333333333,0.33333333333333337,1.0,0.5625,9,16
835,0.6399999999999999,0.5714285714285713,0.2857142857142857,0.6428571428571428,1.0,0.47058823529411764,8,17
836,0.7000000000000001,0.6,0.047619047619047616,0.5238095238095238,1.0,0.5384615384615384,7,13
837,0.625,0.625,1.0,1.0,1.0,0.45454545454545453,5,11
838,0.5333333333333333,0.4799999999999999,0.3333333333333333,0.6666666666666666,1.0,0.36363636363636365,4,11
839,0.5454545454545454,0.46909090909090906,0.06666666666666667,0.5333333333333333,1.0,0.375,6,16
840,0.34782608695652173,0.31304347826086953,0.3333333333333333,0.6666666666666666,1.0,0.21052631578947367,4,19
841,0.4347826086956522,0.4217391304347826,0.8,0.9,1.0,0.2777777777777778,5,18
842,0.6923076923076924,0.6173076923076923,0.2777777777777778,0.6388888888888888,1.0,0.5294117647058824,9,17
843,0.6153846153846153,0.523076923076923,0.0,0.5,1.0,0.4444444444444444,8,18
844,0.6451612903225806,0.5763440860215053,0.28888888888888886,0.6444444444444444,1.0,0.47619047619047616,10,21
845,0.5,0.5,1.0,1.0,1.0,0.3333333333333333,4,12
846,1.0,0.8833333333333333,0.2222222222222222,0.6111111111111112,1.0,1.0,9,9
848,0.7368421052631579,0.6526315789473683,0.23809523809523808,0.6190476190476191,1.0,0.5833333333333334,7,12
849,0.5555555555555556,0.5388888888888889,0.8,0.9,1.0,0.38461538461538464,5,13
850,0.7000000000000001,0.56,-0.3333333333333333,0.33333333333333337,1.0,0.5384615384615384,7,13
851,0.625,0.5499999999999999,0.2,0.6,1.0,0.45454545454545453,5,11
852,0.8235294117647058,0.7294117647058823,0.23809523809523808,0.6190476190476191,1.0,0.7,7,10
853,0.47058823529411764,0.37647058823529406,-0.3333333333333333,0.33333333333333337,1.0,0.3076923076923077,4,13
854,0.4166666666666667,0.3541666666666667,0.0,0.5,1.0,0.2631578947368421,5,19
855,0.3125,0.27499999999999997,0.2,0.6,1.0,0.18518518518518517,5,27
856,0.7000000000000001,0.53,-0.6190476190476191,0.19047619047619047,1.0,0.5384615384615384,7,13
857,0.761904761904762,0.6231292517006803,-0.21428571428571427,0.39285714285714285,1.0,0.6153846153846154,8,13
859,0.631578947368421,0.5178947368421052,-0.2,0.4,1.0,0.46153846153846156,6,13
860,0.6666666666666666,0.6095238095238095,0.42857142857142855,0.7142857142857143,1.0,0.5,7,14
861,0.5,0.39499999999999996,-0.4,0.3,1.0,0.3333333333333333,5,15
862,0.7000000000000001,0.62,0.23809523809523808,0.6190476190476191,1.0,0.5384615384615384,7,13
863,0.631578947368421,0.5052631578947367,-0.3333333333333333,0.33333333333333337,1.0,0.46153846153846156,6,13
864,0.7272727272727273,0.6337662337662338,0.14285714285714285,0.5714285714285714,1.0,0.5714285714285714,8,14
865,0.6666666666666666,0.5599999999999999,-0.06666666666666667,0.4666666666666667,1.0,0.5,6,12
866,0.47058823529411764,0.4235294117647058,0.3333333333333333,0.6666666666666666,1.0,0.3076923076923077,4,13
867,0.7368421052631579,0.6210526315789473,-0.047619047619047616,0.47619047619047616,1.0,0.5833333333333334,7,12
868,0.7368421052631579,0.6210526315789473,-0.047619047619047616,0.47619047619047616,1.0,0.5833333333333334,7,12
869,0.5882352941176471,0.4823529411764706,-0.2,0.4,1.0,0.4166666666666667,5,12
870,0.6956521739130436,0.568944099378882,-0.21428571428571427,0.39285714285714285,1.0,0.5333333333333333,8,15
871,0.8333333333333333,0.7,-0.06666666666666667,0.4666666666666667,1.0,0.7142857142857143,10,14
872,0.5263157894736842,0.46315789473684205,0.2,0.6,1.0,0.35714285714285715,5,14
873,0.6666666666666666,0.5714285714285714,0.047619047619047616,0.5238095238095238,1.0,0.5,7,14
874,0.7272727272727273,0.6649350649350649,0.42857142857142855,0.7142857142857143,1.0,0.5714285714285714,8,14
875,0.7272727272727273,0.6337662337662338,0.14285714285714285,0.5714285714285714,1.0,0.5714285714285714,8,14
876,0.8181818181818181,0.7227272727272727,0.2222222222222222,0.6111111111111112,1.0,0.6923076923076923,9,13
877,0.88,0.7312,-0.12727272727272726,0.4363636363636364,1.0,0.7857142857142857,11,14
878,0.9090909090909091,0.7454545454545454,-0.2,0.4,1.0,0.8333333333333334,10,12
879,0.8695652173913044,0.7478260869565218,0.06666666666666667,0.5333333333333333,1.0,0.7692307692307693,10,13
880,0.9166666666666666,0.7866666666666666,0.05454545454545454,0.5272727272727272,1.0,0.8461538461538461,11,13
881,0.7000000000000001,0.66,0.6190476190476191,0.8095238095238095,1.0,0.5384615384615384,7,13
882,0.7777777777777778,0.6444444444444444,-0.14285714285714285,0.4285714285714286,1.0,0.6363636363636364,7,11
883,0.9090909090909091,0.8181818181818181,0.3333333333333333,0.6666666666666666,1.0,0.8333333333333334,10,12
884,0.5263157894736842,0.39999999999999997,-0.6,0.2,1.0,0.35714285714285715,5,14
885,0.6666666666666666,0.5999999999999999,0.3333333333333333,0.6666666666666666,1.0,0.5,6,12
886,0.7272727272727273,0.6181818181818182,0.0,0.5,1.0,0.5714285714285714,8,14
887,0.5263157894736842,0.46315789473684205,0.2,0.6,1.0,0.35714285714285715,5,14
888,0.7142857142857143,0.5857142857142857,-0.2,0.4,1.0,0.5555555555555556,5,9
889,0.6666666666666666,0.5619047619047618,-0.047619047619047616,0.47619047619047616,1.0,0.5,7,14
890,0.5882352941176471,0.5705882352941176,0.8,0.9,1.0,0.4166666666666667,5,12
891,0.782608695652174,0.7434782608695653,0.6666666666666666,0.8333333333333333,1.0,0.6428571428571429,9,14
892,0.7000000000000001,0.54,-0.5238095238095238,0.23809523809523808,1.0,0.5384615384615384,7,13
893,0.8695652173913044,0.7710144927536232,0.24444444444444444,0.6222222222222222,1.0,0.7692307692307693,10,13
894,0.6666666666666666,0.5904761904761904,0.23809523809523808,0.6190476190476191,1.0,0.5,7,14
895,0.6,0.5399999999999999,0.3333333333333333,0.6666666666666666,1.0,0.42857142857142855,6,14
896,0.5263157894736842,0.4473684210526315,0.0,0.5,1.0,0.35714285714285715,5,14
897,0.5263157894736842,0.431578947368421,-0.2,0.4,1.0,0.35714285714285715,5,14
898,0.4444444444444445,0.39999999999999997,0.3333333333333333,0.6666666666666666,1.0,0.2857142857142857,4,14
899,0.6666666666666666,0.6666666666666666,1.0,1.0,1.0,0.5,6,12
900,0.782608695652174,0.658695652173913,-0.05555555555555555,0.4722222222222222,1.0,0.6428571428571429,9,14
901,0.625,0.56875,0.4,0.7,1.0,0.45454545454545453,5,11
902,0.5333333333333333,0.42666666666666664,-0.3333333333333333,0.33333333333333337,1.0,0.36363636363636365,4,11
903,0.631578947368421,0.5431578947368421,0.06666666666666667,0.5333333333333333,1.0,0.46153846153846156,6,13
904,0.9600000000000001,0.8203636363636364,0.030303030303030304,0.5151515151515151,1.0,0.9230769230769231,12,13
905,0.6,0.504,-0.06666666666666667,0.4666666666666667,1.0,0.42857142857142855,6,14
906,0.8,0.68,0.0,0.5,1.0,0.6666666666666666,8,12
907,0.6666666666666666,0.5952380952380951,0.2857142857142857,0.6428571428571428,1.0,0.5,8,16
908,0.9333333333333333,0.8933333333333333,0.7142857142857143,0.8571428571428572,1.0,0.875,7,8
909,0.8571428571428571,0.8142857142857142,0.6666666666666666,0.8333333333333333,1.0,0.75,9,12
910,0.6086956521739131,0.4956521739130435,-0.23809523809523808,0.38095238095238093,1.0,0.4375,7,16
911,0.8421052631578948,0.7699248120300752,0.42857142857142855,0.7142857142857143,1.0,0.7272727272727273,8,11
912,0.7368421052631579,0.6631578947368421,0.3333333333333333,0.6666666666666666,1.0,0.5833333333333334,7,12
913,0.8333333333333333,0.7277777777777776,0.15555555555555556,0.5777777777777777,1.0,0.7142857142857143,10,14
914,0.8,0.7142857142857143,0.2857142857142857,0.6428571428571428,1.0,0.6666666666666666,8,12
915,0.7499999999999999,0.5849999999999999,-0.4666666666666667,0.26666666666666666,1.0,0.6,6,10
916,0.7272727272727273,0.6727272727272727,0.5,0.75,1.0,0.5714285714285714,8,14
917,0.9090909090909091,0.8363636363636363,0.4666666666666667,0.7333333333333334,1.0,0.8333333333333334,10,12
918,0.47058823529411764,0.4235294117647058,0.3333333333333333,0.6666666666666666,1.0,0.3076923076923077,4,13
919,0.5882352941176471,0.46470588235294114,-0.4,0.3,1.0,0.4166666666666667,5,12
920,0.6153846153846153,0.6153846153846153,1.0,1.0,1.0,0.4444444444444444,4,9
921,0.625,0.5499999999999999,0.2,0.6,1.0,0.45454545454545453,5,11
922,0.5882352941176471,0.4823529411764706,-0.2,0.4,1.0,0.4166666666666667,5,12
923,0.4444444444444445,0.4222222222222222,0.6666666666666666,0.8333333333333333,1.0,0.2857142857142857,4,14
924,0.5263157894736842,0.39999999999999997,-0.6,0.2,1.0,0.35714285714285715,5,14
925,0.761904761904762,0.6884353741496598,0.35714285714285715,0.6785714285714286,1.0,0.6153846153846154,8,13
926,0.6666666666666666,0.5722222222222222,0.05555555555555555,0.5277777777777778,1.0,0.5,9,18
927,0.6,0.504,-0.06666666666666667,0.4666666666666667,1.0,0.42857142857142855,6,14
928,0.5882352941176471,0.4823529411764706,-0.2,0.4,1.0,0.4166666666666667,5,12
929,0.8,0.74,0.5,0.75,1.0,0.6666666666666666,8,12
930,0.7499999999999999,0.6449999999999999,0.06666666666666667,0.5333333333333333,1.0,0.6,6,10
931,0.6,0.5519999999999999,0.4666666666666667,0.7333333333333334,1.0,0.42857142857142855,6,14
932,1.0,0.8961538461538461,0.3076923076923077,0.6538461538461539,1.0,1.0,13,13
933,0.9,0.7875,0.16666666666666666,0.5833333333333334,1.0,0.8181818181818182,9,11
934,0.7368421052631579,0.6421052631578946,0.14285714285714285,0.5714285714285714,1.0,0.5833333333333334,7,12
935,0.6666666666666666,0.5866666666666666,0.2,0.6,1.0,0.5,6,12
937,0.88,0.7936,0.34545454545454546,0.6727272727272727,1.0,0.7857142857142857,11,14
938,0.8333333333333333,0.6611111111111111,-0.37777777777777777,0.3111111111111111,1.0,0.7142857142857143,10,14
939,0.7272727272727273,0.6415584415584416,0.21428571428571427,0.6071428571428571,1.0,0.5714285714285714,8,14
940,1.0,0.8727272727272727,0.15151515151515152,0.5757575757575758,1.0,1.0,12,12
941,0.8421052631578948,0.7609022556390977,0.35714285714285715,0.6785714285714286,1.0,0.7272727272727273,8,11
942,0.7368421052631579,0.6947368421052631,0.6190476190476191,0.8095238095238095,1.0,0.5833333333333334,7,12
943,0.6666666666666666,0.5733333333333333,0.06666666666666667,0.5333333333333333,1.0,0.5,6,12
944,0.6,0.5399999999999999,0.3333333333333333,0.6666666666666666,1.0,0.42857142857142855,6,14
946,0.8695652173913044,0.7246376811594203,-0.1111111111111111,0.4444444444444444,1.0,0.7692307692307693,10,13
947,0.9166666666666666,0.8116666666666665,0.23636363636363636,0.6181818181818182,1.0,0.8461538461538461,11,13
948,0.6666666666666666,0.5142857142857142,-0.5238095238095238,0.23809523809523808,1.0,0.5,7,14
949,0.8571428571428571,0.7714285714285714,0.3333333333333333,0.6666666666666666,1.0,0.75,9,12
950,0.8,0.672,-0.06666666666666667,0.4666666666666667,1.0,0.6666666666666666,10,15
951,0.6363636363636364,0.5181818181818182,-0.23809523809523808,0.38095238095238093,1.0,0.4666666666666667,7,15
952,0.8181818181818181,0.6749999999999999,-0.16666666666666666,0.4166666666666667,1.0,0.6923076923076923,9,13
953,0.6666666666666666,0.5619047619047618,-0.047619047619047616,0.47619047619047616,1.0,0.5,7,14
954,0.631578947368421,0.5810526315789473,0.4666666666666667,0.7333333333333334,1.0,0.46153846153846156,6,13
955,0.761904761904762,0.6802721088435374,0.2857142857142857,0.6428571428571428,1.0,0.6153846153846154,8,13
956,0.8571428571428571,0.7285714285714285,0.0,0.5,1.0,0.75,9,12
957,0.8695652173913044,0.7304347826086957,-0.06666666666666667,0.4666666666666667,1.0,0.7692307692307693,10,13
958,0.9600000000000001,0.8727272727272728,0.3939393939393939,0.696969696969697,0.9230769230769231,1.0,13,12
959,0.8571428571428571,0.75,0.16666666666666666,0.5833333333333334,1.0,0.75,9,12
960,1.0,0.9076923076923076,0.38461538461538464,0.6923076923076923,1.0,1.0,13,13
961,0.6666666666666666,0.6166666666666666,0.5,0.75,1.0,0.5,9,18
962,0.5555555555555556,0.4388888888888889,-0.4,0.3,1.0,0.38461538461538464,5,13
963,0.8,0.7057142857142857,0.21428571428571427,0.6071428571428571,1.0,0.6666666666666666,8,12
964,0.6666666666666666,0.5866666666666666,0.2,0.6,1.0,0.5,6,12
965,0.8181818181818181,0.6818181818181817,-0.1111111111111111,0.4444444444444444,1.0,0.6923076923076923,9,13
966,0.761904761904762,0.6149659863945578,-0.2857142857142857,0.35714285714285715,1.0,0.6153846153846154,8,13
969,0.9166666666666666,0.7966666666666665,0.12727272727272726,0.5636363636363636,1.0,0.8461538461538461,11,13
970,0.8571428571428571,0.7571428571428571,0.2222222222222222,0.6111111111111112,1.0,0.75,9,12
971,0.9090909090909091,0.7878787878787877,0.1111111111111111,0.5555555555555556,1.0,0.8333333333333334,10,12
972,0.782608695652174,0.6652173913043479,0.0,0.5,1.0,0.6428571428571429,9,14
973,0.6956521739130436,0.6360248447204969,0.42857142857142855,0.7142857142857143,1.0,0.5333333333333333,8,15
974,0.761904761904762,0.6557823129251701,0.07142857142857142,0.5357142857142857,1.0,0.6153846153846154,8,13
975,0.8235294117647058,0.7411764705882352,0.3333333333333333,0.6666666666666666,1.0,0.7,7,10
976,0.761904761904762,0.6476190476190476,0.0,0.5,1.0,0.6153846153846154,8,13
977,0.5714285714285715,0.42285714285714293,-0.7333333333333333,0.13333333333333336,1.0,0.4,6,15
978,0.8,0.6971428571428571,0.14285714285714285,0.5714285714285714,1.0,0.6666666666666666,8,12
980,0.631578947368421,0.5684210526315788,0.3333333333333333,0.6666666666666666,1.0,0.46153846153846156,6,13
981,0.888888888888889,0.8126984126984127,0.42857142857142855,0.7142857142857143,1.0,0.8,8,10
983,0.8333333333333333,0.7222222222222221,0.1111111111111111,0.5555555555555556,1.0,0.7142857142857143,10,14
985,0.5714285714285715,0.4685714285714286,-0.2,0.4,1.0,0.4,6,15
986,0.6666666666666666,0.5238095238095237,-0.42857142857142855,0.2857142857142857,1.0,0.5,7,14
987,0.8,0.74,0.5,0.75,1.0,0.6666666666666666,8,12
988,0.6956521739130436,0.5987577639751553,0.07142857142857142,0.5357142857142857,1.0,0.5333333333333333,8,15
989,0.7499999999999999,0.6599999999999998,0.2,0.6,1.0,0.6,6,10
992,0.8695652173913044,0.7536231884057971,0.1111111111111111,0.5555555555555556,1.0,0.7692307692307693,10,13
993,0.4444444444444445,0.35555555555555557,-0.3333333333333333,0.33333333333333337,1.0,0.2857142857142857,4,14
994,1.0,0.9038461538461537,0.358974358974359,0.6794871794871795,1.0,1.0,13,13
996,0.88,0.7888,0.3090909090909091,0.6545454545454545,1.0,0.7857142857142857,11,14
998,0.923076923076923,0.7938461538461538,0.06666666666666667,0.5333333333333333,1.0,0.8571428571428571,6,7
999,0.5,0.38,-0.6,0.2,1.0,0.3333333333333333,5,15
1000,0.631578947368421,0.6063157894736841,0.7333333333333333,0.8666666666666667,1.0,0.46153846153846156,6,13
1001,0.8695652173913044,0.8231884057971014,0.6444444444444445,0.8222222222222222,1.0,0.7692307692307693,10,13
1002,1.0,0.85,0.0,0.5,1.0,1.0,12,12
1004,0.782608695652174,0.6456521739130435,-0.16666666666666666,0.4166666666666667,1.0,0.6428571428571429,9,14
1005,0.782608695652174,0.6652173913043479,0.0,0.5,1.0,0.6428571428571429,9,14
1006,0.5882352941176471,0.4470588235294118,-0.6,0.2,1.0,0.4166666666666667,5,12
1007,0.7777777777777778,0.6555555555555554,-0.047619047619047616,0.47619047619047616,0.6363636363636364,1.0,11,7
1008,0.631578947368421,0.5684210526315788,0.3333333333333333,0.6666666666666666,1.0,0.46153846153846156,6,13
1009,0.6666666666666666,0.6266666666666666,0.6,0.8,1.0,0.5,6,12
1010,0.9090909090909091,0.812121212121212,0.28888888888888886,0.6444444444444444,1.0,0.8333333333333334,10,12
1011,0.7272727272727273,0.6571428571428571,0.35714285714285715,0.6785714285714286,1.0,0.5714285714285714,8,14
1013,0.6,0.5519999999999999,0.4666666666666667,0.7333333333333334,1.0,0.42857142857142855,6,14
1015,1.0,0.8999999999999999,0.3333333333333333,0.6666666666666666,1.0,1.0,12,12
1016,0.8333333333333333,0.7999999999999999,0.7333333333333333,0.8666666666666667,1.0,0.7142857142857143,10,14
1017,0.761904761904762,0.6802721088435374,0.2857142857142857,0.6428571428571428,1.0,0.6153846153846154,8,13
1020,0.7272727272727273,0.6493506493506493,0.2857142857142857,0.6428571428571428,1.0,0.5714285714285714,8,14
1021,0.5882352941176471,0.46470588235294114,-0.4,0.3,1.0,0.4166666666666667,5,12
1022,0.5263157894736842,0.5263157894736842,1.0,1.0,1.0,0.35714285714285715,5,14
1023,0.6,0.516,0.06666666666666667,0.5333333333333333,1.0,0.42857142857142855,6,14
1024,0.8695652173913044,0.7478260869565218,0.06666666666666667,0.5333333333333333,1.0,0.7692307692307693,10,13
1025,0.782608695652174,0.7304347826086957,0.5555555555555556,0.7777777777777778,1.0,0.6428571428571429,9,14
1026,0.5555555555555556,0.4388888888888889,-0.4,0.3,1.0,0.38461538461538464,5,13
1027,0.6666666666666666,0.5999999999999999,0.3333333333333333,0.6666666666666666,1.0,0.5,7,14
1028,0.7368421052631579,0.7157894736842104,0.8095238095238095,0.9047619047619048,1.0,0.5833333333333334,7,12
1029,0.761904761904762,0.7455782312925171,0.8571428571428571,0.9285714285714286,1.0,0.6153846153846154,8,13
1030,0.8333333333333333,0.7222222222222221,0.1111111111111111,0.5555555555555556,1.0,0.7142857142857143,10,14
1031,0.8571428571428571,0.7571428571428571,0.2222222222222222,0.6111111111111112,1.0,0.75,9,12
1032,0.6666666666666666,0.588095238095238,0.21428571428571427,0.6071428571428571,1.0,0.5,8,16
1034,0.5,0.375,-0.6666666666666666,0.16666666666666669,1.0,0.3333333333333333,4,12
1035,0.5263157894736842,0.38421052631578945,-0.8,0.09999999999999998,1.0,0.35714285714285715,5,14
1036,0.6666666666666666,0.619047619047619,0.5238095238095238,0.7619047619047619,1.0,0.5,7,14
1037,0.5263157894736842,0.47894736842105257,0.4,0.7,1.0,0.35714285714285715,5,14
1038,0.6956521739130436,0.613664596273292,0.21428571428571427,0.6071428571428571,1.0,0.5333333333333333,8,15
1039,0.7000000000000001,0.64,0.42857142857142855,0.7142857142857143,1.0,0.5384615384615384,7,13
1040,0.7499999999999999,0.6499999999999998,0.1111111111111111,0.5555555555555556,1.0,0.6,9,15
1041,0.9285714285714286,0.7607142857142857,-0.20512820512820512,0.39743589743589747,0.8666666666666667,1.0,15,13
1042,0.8571428571428571,0.7357142857142857,0.05555555555555555,0.5277777777777778,1.0,0.75,9,12
1043,0.5882352941176471,0.4823529411764706,-0.2,0.4,1.0,0.4166666666666667,5,12
1044,0.9090909090909091,0.8787878787878787,0.7777777777777778,0.8888888888888888,1.0,0.8333333333333334,10,12
1045,0.8333333333333333,0.6388888888888887,-0.5555555555555556,0.2222222222222222,1.0,0.7142857142857143,10,14
1046,0.7499999999999999,0.6449999999999999,0.06666666666666667,0.5333333333333333,1.0,0.6,6,10
1047,0.6,0.516,0.06666666666666667,0.5333333333333333,1.0,0.42857142857142855,6,14
1048,0.7272727272727273,0.6025974025974026,-0.14285714285714285,0.4285714285714286,1.0,0.5714285714285714,8,14
1049,0.5555555555555556,0.4722222222222222,0.0,0.5,1.0,0.38461538461538464,5,13
1050,0.8695652173913044,0.7130434782608696,-0.2,0.4,1.0,0.7692307692307693,10,13
1051,0.8695652173913044,0.7362318840579711,-0.022222222222222223,0.4888888888888889,1.0,0.7692307692307693,10,13
1052,0.5,0.425,0.0,0.5,1.0,0.3333333333333333,4,12
1053,0.8333333333333333,0.7166666666666666,0.06666666666666667,0.5333333333333333,1.0,0.7142857142857143,10,14
1055,0.8750000000000001,0.8625,0.9047619047619048,0.9523809523809523,1.0,0.7777777777777778,7,9
1056,0.923076923076923,0.8349650349650349,0.36363636363636365,0.6818181818181819,1.0,0.8571428571428571,12,14
1057,0.5882352941176471,0.4823529411764706,-0.2,0.4,1.0,0.4166666666666667,5,12
1058,0.8181818181818181,0.7159090909090908,0.16666666666666666,0.5833333333333334,0.6923076923076923,1.0,13,9
1059,0.888888888888889,0.7555555555555555,0.0,0.5,1.0,0.8,8,10
1060,0.5,0.475,0.6666666666666666,0.8333333333333333,1.0,0.3333333333333333,4,12
1061,0.9600000000000001,0.8334545454545456,0.12121212121212122,0.5606060606060606,1.0,0.9230769230769231,12,13
1062,0.8,0.6885714285714286,0.07142857142857142,0.5357142857142857,1.0,0.6666666666666666,8,12
1063,0.7000000000000001,0.67,0.7142857142857143,0.8571428571428572,1.0,0.5384615384615384,7,13
1064,0.8181818181818181,0.7159090909090908,0.16666666666666666,0.5833333333333334,1.0,0.6923076923076923,9,13
1065,0.6956521739130436,0.6062111801242236,0.14285714285714285,0.5714285714285714,1.0,0.5333333333333333,8,15
1066,0.8,0.7742857142857142,0.7857142857142857,0.8928571428571428,1.0,0.6666666666666666,8,12
1067,0.9166666666666666,0.8016666666666666,0.16363636363636364,0.5818181818181818,1.0,0.8461538461538461,11,13
1068,0.761904761904762,0.6965986394557824,0.42857142857142855,0.7142857142857143,1.0,0.6153846153846154,8,13
1069,0.782608695652174,0.6782608695652174,0.1111111111111111,0.5555555555555556,1.0,0.6428571428571429,9,14
1070,0.5,0.39999999999999997,-0.3333333333333333,0.33333333333333337,1.0,0.3333333333333333,4,12
1071,0.9333333333333333,0.7999999999999999,0.047619047619047616,0.5238095238095238,0.875,1.0,8,7
1072,0.8333333333333333,0.7333333333333332,0.2,0.6,1.0,0.7142857142857143,5,7
1073,0.631578947368421,0.5305263157894736,-0.06666666666666667,0.4666666666666667,1.0,0.46153846153846156,6,13
1074,0.8,0.74,0.5,0.75,1.0,0.6666666666666666,8,12
1075,0.5882352941176471,0.5176470588235293,0.2,0.6,1.0,0.4166666666666667,5,12
1076,0.5263157894736842,0.47894736842105257,0.4,0.7,1.0,0.35714285714285715,5,14
1077,0.9090909090909091,0.8181818181818181,0.3333333333333333,0.6666666666666666,1.0,0.8333333333333334,10,12
1078,0.9090909090909091,0.7878787878787877,0.1111111111111111,0.5555555555555556,1.0,0.8333333333333334,10,12
1079,0.761904761904762,0.7292517006802721,0.7142857142857143,0.8571428571428572,1.0,0.6153846153846154,8,13
1080,0.7000000000000001,0.5700000000000001,-0.23809523809523808,0.38095238095238093,1.0,0.5384615384615384,7,13
1081,0.7272727272727273,0.6883116883116883,0.6428571428571429,0.8214285714285714,1.0,0.5714285714285714,8,14
1082,0.962962962962963,0.8148148148148148,-0.02564102564102564,0.48717948717948717,1.0,0.9285714285714286,13,14
1083,0.9285714285714286,0.782142857142857,-0.05128205128205128,0.47435897435897434,1.0,0.8666666666666667,13,15
1084,0.888888888888889,0.7232323232323232,-0.24242424242424243,0.3787878787878788,1.0,0.8,12,15
1085,0.8571428571428571,0.7285714285714285,0.0,0.5,1.0,0.75,9,12
1086,0.888888888888889,0.7936507936507936,0.2857142857142857,0.6428571428571428,1.0,0.8,8,10
1087,0.8333333333333333,0.6833333333333332,-0.2,0.4,1.0,0.7142857142857143,10,14
1088,0.631578947368421,0.5684210526315788,0.3333333333333333,0.6666666666666666,1.0,0.46153846153846156,6,13
1089,0.761904761904762,0.6639455782312925,0.14285714285714285,0.5714285714285714,1.0,0.6153846153846154,8,13
1090,0.8571428571428571,0.7571428571428571,0.2222222222222222,0.6111111111111112,1.0,0.75,9,12
1091,0.9473684210526316,0.9,0.6666666666666666,0.8333333333333333,1.0,0.9,9,10
1093,0.7000000000000001,0.61,0.14285714285714285,0.5714285714285714,1.0,0.5384615384615384,7,13
1094,0.888888888888889,0.7365079365079366,-0.14285714285714285,0.4285714285714286,1.0,0.8,8,10
1095,0.8421052631578948,0.7338345864661654,0.14285714285714285,0.5714285714285714,1.0,0.7272727272727273,8,11
1096,0.6086956521739131,0.4956521739130435,-0.23809523809523808,0.38095238095238093,1.0,0.4375,7,16
1098,0.6666666666666666,0.6399999999999999,0.7333333333333333,0.8666666666666667,1.0,0.5,6,12
1099,0.9565217391304348,0.8417391304347825,0.2,0.6,0.9166666666666666,1.0,12,11
1100,0.8,0.6714285714285714,-0.07142857142857142,0.4642857142857143,1.0,0.6666666666666666,8,12
1101,1.0,0.8409090909090908,-0.06060606060606061,0.4696969696969697,1.0,1.0,12,12
1103,0.8,0.6971428571428571,0.14285714285714285,0.5714285714285714,1.0,0.6666666666666666,8,12
1104,0.631578947368421,0.49263157894736836,-0.4666666666666667,0.26666666666666666,1.0,0.46153846153846156,6,13
1105,0.782608695652174,0.6195652173913043,-0.3888888888888889,0.3055555555555556,1.0,0.6428571428571429,9,14
1106,0.7368421052631579,0.6,-0.23809523809523808,0.38095238095238093,1.0,0.5833333333333334,7,12
1107,0.7272727272727273,0.6883116883116883,0.6428571428571429,0.8214285714285714,1.0,0.5714285714285714,8,14
1108,0.8571428571428571,0.7071428571428571,-0.16666666666666666,0.4166666666666667,1.0,0.75,9,12
1109,0.47058823529411764,0.39999999999999997,0.0,0.5,1.0,0.3076923076923077,4,13
1110,0.7000000000000001,0.5700000000000001,-0.23809523809523808,0.38095238095238093,1.0,0.5384615384615384,7,13
1112,0.9166666666666666,0.8216666666666665,0.3090909090909091,0.6545454545454545,1.0,0.8461538461538461,11,13
1113,0.7692307692307693,0.6512820512820513,-0.022222222222222223,0.4888888888888889,1.0,0.625,10,16
1114,0.7272727272727273,0.6415584415584416,0.21428571428571427,0.6071428571428571,1.0,0.5714285714285714,8,14
1115,0.782608695652174,0.75,0.7222222222222222,0.8611111111111112,1.0,0.6428571428571429,9,14
1116,0.9090909090909091,0.7575757575757575,-0.1111111111111111,0.4444444444444444,1.0,0.8333333333333334,10,12
1117,0.5,0.425,0.0,0.5,1.0,0.3333333333333333,4,12
1118,1.0,0.8416666666666666,-0.05555555555555555,0.4722222222222222,1.0,1.0,9,9
1119,0.5,0.375,-0.6666666666666666,0.16666666666666669,1.0,0.3333333333333333,4,12
1120,1.0,0.9043956043956043,0.3626373626373626,0.6813186813186813,1.0,1.0,14,14
1121,0.5882352941176471,0.46470588235294114,-0.4,0.3,1.0,0.4166666666666667,5,12
1122,0.5882352941176471,0.5705882352941176,0.8,0.9,1.0,0.4166666666666667,5,12
1123,0.782608695652174,0.6847826086956522,0.16666666666666666,0.5833333333333334,1.0,0.6428571428571429,9,14
1124,0.8571428571428571,0.7928571428571427,0.5,0.75,1.0,0.75,9,12
1125,0.7000000000000001,0.54,-0.5238095238095238,0.23809523809523808,1.0,0.5384615384615384,7,13
1126,0.8148148148148148,0.7037037037037036,0.09090909090909091,0.5454545454545454,1.0,0.6875,11,16
1127,0.7499999999999999,0.6124999999999999,-0.2222222222222222,0.3888888888888889,1.0,0.6,9,15
1128,0.7368421052631579,0.6,-0.23809523809523808,0.38095238095238093,1.0,0.5833333333333334,7,12
1129,0.8333333333333333,0.7,-0.06666666666666667,0.4666666666666667,1.0,0.7142857142857143,10,14
1130,0.6666666666666666,0.5809523809523809,0.14285714285714285,0.5714285714285714,1.0,0.5,7,14
1131,0.631578947368421,0.5178947368421052,-0.2,0.4,1.0,0.46153846153846156,6,13
1132,0.88,0.7743999999999999,0.2,0.6,1.0,0.7857142857142857,11,14
1133,0.6666666666666666,0.5333333333333332,-0.3333333333333333,0.33333333333333337,1.0,0.5,6,12
1134,0.8571428571428571,0.7928571428571427,0.5,0.75,1.0,0.75,9,12
1135,0.8571428571428571,0.7357142857142857,0.05555555555555555,0.5277777777777778,1.0,0.75,9,12
1136,0.6,0.4799999999999999,-0.3333333333333333,0.33333333333333337,1.0,0.42857142857142855,6,14
1137,0.631578947368421,0.48,-0.6,0.2,1.0,0.46153846153846156,6,13
1139,0.7000000000000001,0.63,0.3333333333333333,0.6666666666666666,1.0,0.5384615384615384,7,13
1140,0.9090909090909091,0.7272727272727272,-0.3333333333333333,0.33333333333333337,1.0,0.8333333333333334,10,12
1141,0.8,0.6714285714285714,-0.07142857142857142,0.4642857142857143,1.0,0.6666666666666666,8,12
1142,0.782608695652174,0.6652173913043479,0.0,0.5,1.0,0.6428571428571429,9,14
1143,0.5882352941176471,0.5,0.0,0.5,1.0,0.4166666666666667,5,12
1144,0.896551724137931,0.7689655172413793,0.05128205128205128,0.5256410256410257,1.0,0.8125,13,16
1146,0.8421052631578948,0.7428571428571429,0.21428571428571427,0.6071428571428571,1.0,0.7272727272727273,8,11
1148,0.6666666666666666,0.5047619047619047,-0.6190476190476191,0.19047619047619047,1.0,0.5,7,14
1149,0.8333333333333333,0.7666666666666665,0.4666666666666667,0.7333333333333334,1.0,0.7142857142857143,10,14
1150,0.7368421052631579,0.6736842105263158,0.42857142857142855,0.7142857142857143,1.0,0.5833333333333334,7,12
1151,1.0,0.8727272727272727,0.15151515151515152,0.5757575757575758,1.0,1.0,12,12
1152,0.631578947368421,0.5684210526315788,0.3333333333333333,0.6666666666666666,1.0,0.46153846153846156,6,13
1153,0.8695652173913044,0.7710144927536232,0.24444444444444444,0.6222222222222222,1.0,0.7692307692307693,10,13
1154,0.6666666666666666,0.5904761904761904,0.23809523809523808,0.6190476190476191,1.0,0.5,7,14
1155,0.631578947368421,0.5431578947368421,0.06666666666666667,0.5333333333333333,1.0,0.46153846153846156,6,13
1156,0.8,0.6457142857142857,-0.2857142857142857,0.35714285714285715,1.0,0.6666666666666666,8,12
1157,0.8571428571428571,0.7428571428571428,0.1111111111111111,0.5555555555555556,1.0,0.75,9,12
1158,0.8,0.6628571428571428,-0.14285714285714285,0.4285714285714286,1.0,0.6666666666666666,8,12
1159,0.8333333333333333,0.6722222222222222,-0.28888888888888886,0.35555555555555557,1.0,0.7142857142857143,10,14
1160,0.7058823529411764,0.6070588235294117,0.06666666666666667,0.5333333333333333,1.0,0.5454545454545454,6,11
1161,0.8333333333333333,0.7333333333333332,0.2,0.6,1.0,0.7142857142857143,10,14
1162,0.5882352941176471,0.5176470588235293,0.2,0.6,1.0,0.4166666666666667,5,12
1163,0.7499999999999999,0.5999999999999999,-0.3333333333333333,0.33333333333333337,1.0,0.6,6,10
1164,0.6666666666666666,0.5666666666666667,0.0,0.5,1.0,0.5,4,8
1165,0.5263157894736842,0.4473684210526315,0.0,0.5,1.0,0.35714285714285715,5,14
1166,0.6666666666666666,0.5866666666666666,0.2,0.6,1.0,0.5,6,12
1167,0.6666666666666666,0.5733333333333333,0.06666666666666667,0.5333333333333333,1.0,0.5,6,12
1168,0.9090909090909091,0.8242424242424242,0.37777777777777777,0.6888888888888889,1.0,0.8333333333333334,10,12
1169,0.6666666666666666,0.5866666666666666,0.2,0.6,1.0,0.5,5,10
1170,0.6666666666666666,0.5904761904761904,0.23809523809523808,0.6190476190476191,1.0,0.5,7,14
1171,0.5714285714285715,0.48571428571428577,0.0,0.5,1.0,0.4,4,10
1172,0.6666666666666666,0.5714285714285714,0.047619047619047616,0.5238095238095238,1.0,0.5,7,14
1173,0.8181818181818181,0.743181818181818,0.3888888888888889,0.6944444444444444,1.0,0.6923076923076923,9,13
1174,0.8,0.6457142857142857,-0.2857142857142857,0.35714285714285715,1.0,0.6666666666666666,8,12
1175,0.47058823529411764,0.39999999999999997,0.0,0.5,1.0,0.3076923076923077,4,13
1176,0.6,0.5399999999999999,0.3333333333333333,0.6666666666666666,1.0,0.42857142857142855,6,14
1177,0.7368421052631579,0.6,-0.23809523809523808,0.38095238095238093,1.0,0.5833333333333334,7,12
1178,0.7368421052631579,0.6,-0.23809523809523808,0.38095238095238093,1.0,0.5833333333333334,7,12
1179,0.5555555555555556,0.45555555555555555,-0.2,0.4,1.0,0.38461538461538464,5,13
1180,0.7368421052631579,0.6631578947368421,0.3333333333333333,0.6666666666666666,1.0,0.5833333333333334,7,12
1181,0.8,0.7571428571428571,0.6428571428571429,0.8214285714285714,1.0,0.6666666666666666,8,12
1182,0.6666666666666666,0.6066666666666666,0.4,0.7,1.0,0.5,5,10
1183,0.5555555555555556,0.5055555555555555,0.4,0.7,1.0,0.38461538461538464,5,13
1184,0.9090909090909091,0.8181818181818181,0.3333333333333333,0.6666666666666666,1.0,0.8333333333333334,10,12
1185,0.8,0.6542857142857144,-0.21428571428571427,0.39285714285714285,1.0,0.6666666666666666,8,12
1186,0.7368421052631579,0.5789473684210525,-0.42857142857142855,0.2857142857142857,1.0,0.5833333333333334,7,12
1187,0.6923076923076924,0.5826923076923077,-0.05555555555555555,0.4722222222222222,1.0,0.5294117647058824,9,17
1188,0.6956521739130436,0.5838509316770186,-0.07142857142857142,0.4642857142857143,1.0,0.5333333333333333,8,15
1189,0.888888888888889,0.8317460317460318,0.5714285714285714,0.7857142857142857,1.0,0.8,8,10
1190,0.5882352941176471,0.4117647058823529,-1.0,0.0,1.0,0.4166666666666667,5,12
1191,0.5,0.475,0.6666666666666666,0.8333333333333333,1.0,0.3333333333333333,4,12
1192,0.5882352941176471,0.4470588235294118,-0.6,0.2,1.0,0.4166666666666667,5,12
1193,0.6666666666666666,0.5523809523809523,-0.14285714285714285,0.4285714285714286,1.0,0.5,7,14
1194,0.5555555555555556,0.5222222222222223,0.6,0.8,1.0,0.38461538461538464,5,13
1195,0.5,0.39999999999999997,-0.3333333333333333,0.33333333333333337,1.0,0.3333333333333333,4,12
1196,0.7272727272727273,0.7116883116883117,0.8571428571428571,0.9285714285714286,1.0,0.5714285714285714,8,14
1197,0.625,0.45625,-0.8,0.09999999999999998,1.0,0.45454545454545453,5,11
1198,0.8571428571428571,0.8357142857142856,0.8333333333333334,0.9166666666666667,1.0,0.75,9,12
1199,0.6666666666666666,0.6133333333333333,0.4666666666666667,0.7333333333333334,1.0,0.5,6,12
1200,0.6666666666666666,0.5999999999999999,0.3333333333333333,0.6666666666666666,1.0,0.5,6,12
1201,0.8181818181818181,0.6954545454545454,0.0,0.5,1.0,0.6923076923076923,9,13
1202,0.9090909090909091,0.8545454545454545,0.6,0.8,1.0,0.8333333333333334,10,12
1203,0.5882352941176471,0.4823529411764706,-0.2,0.4,1.0,0.4166666666666667,5,12
1204,1.0,0.9199999999999999,0.4666666666666667,0.7333333333333334,1.0,1.0,6,6
1205,0.47058823529411764,0.39999999999999997,0.0,0.5,1.0,0.3076923076923077,4,13
1206,0.5263157894736842,0.431578947368421,-0.2,0.4,1.0,0.35714285714285715,5,14
1207,0.5882352941176471,0.4470588235294118,-0.6,0.2,1.0,0.4166666666666667,5,12
1208,0.6666666666666666,0.5466666666666666,-0.2,0.4,1.0,0.5,6,12
1209,0.8695652173913044,0.7710144927536232,0.24444444444444444,0.6222222222222222,1.0,0.7692307692307693,10,13
1210,0.6,0.49199999999999994,-0.2,0.4,1.0,0.42857142857142855,6,14
1211,0.631578947368421,0.5431578947368421,0.06666666666666667,0.5333333333333333,1.0,0.46153846153846156,6,13
1212,0.7692307692307693,0.7230769230769231,0.6,0.8,1.0,0.625,5,8
1213,0.5882352941176471,0.5705882352941176,0.8,0.9,1.0,0.4166666666666667,5,12
1214,0.8,0.68,0.0,0.5,1.0,0.6666666666666666,8,12
1215,0.761904761904762,0.7047619047619048,0.5,0.75,1.0,0.6153846153846154,8,13
1216,0.8,0.7142857142857143,0.2857142857142857,0.6428571428571428,1.0,0.6666666666666666,8,12
1217,0.6666666666666666,0.5733333333333333,0.06666666666666667,0.5333333333333333,1.0,0.5,6,12
1218,0.7692307692307693,0.6307692307692307,-0.2,0.4,1.0,0.625,10,16
1219,0.8,0.7314285714285714,0.42857142857142855,0.7142857142857143,1.0,0.6666666666666666,8,12
1220,0.6666666666666666,0.5733333333333333,0.06666666666666667,0.5333333333333333,1.0,0.5,6,12
1221,0.7777777777777778,0.7,0.3333333333333333,0.6666666666666666,1.0,0.6363636363636364,7,11
1222,0.4,0.4,1.0,1.0,1.0,0.25,3,12
1223,0.8571428571428571,0.7999999999999999,0.5555555555555556,0.7777777777777778,1.0,0.75,9,12
1224,0.9600000000000001,0.8334545454545456,0.12121212121212122,0.5606060606060606,1.0,0.9230769230769231,12,13
1225,0.8,0.6628571428571428,-0.14285714285714285,0.4285714285714286,1.0,0.6666666666666666,8,12
1226,0.631578947368421,0.5052631578947367,-0.3333333333333333,0.33333333333333337,1.0,0.46153846153846156,6,13
1227,0.5555555555555556,0.5555555555555556,1.0,1.0,1.0,0.38461538461538464,5,13
1228,0.631578947368421,0.5305263157894736,-0.06666666666666667,0.4666666666666667,1.0,0.46153846153846156,6,13
1229,0.7499999999999999,0.6749999999999998,0.3333333333333333,0.6666666666666666,1.0,0.6,6,10
1230,0.7000000000000001,0.59,-0.047619047619047616,0.47619047619047616,1.0,0.5384615384615384,7,13
1231,0.761904761904762,0.6394557823129251,-0.07142857142857142,0.4642857142857143,1.0,0.6153846153846154,8,13
1232,0.8333333333333333,0.8333333333333333,1.0,1.0,1.0,0.7142857142857143,5,7
1233,0.7368421052631579,0.7052631578947367,0.7142857142857143,0.8571428571428572,1.0,0.5833333333333334,7,12
1234,0.8750000000000001,0.65,-0.7142857142857143,0.14285714285714285,1.0,0.7777777777777778,7,9
1235,0.6666666666666666,0.6133333333333333,0.4666666666666667,0.7333333333333334,1.0,0.5,6,12
1236,0.5882352941176471,0.5,0.0,0.5,1.0,0.4166666666666667,5,12
1237,0.6956521739130436,0.613664596273292,0.21428571428571427,0.6071428571428571,1.0,0.5333333333333333,8,15
1238,0.5882352941176471,0.4294117647058824,-0.8,0.09999999999999998,1.0,0.4166666666666667,5,12
1239,0.6666666666666666,0.5333333333333332,-0.3333333333333333,0.33333333333333337,1.0,0.5,6,12
1240,0.7368421052631579,0.6631578947368421,0.3333333333333333,0.6666666666666666,1.0,0.5833333333333334,7,12
1241,0.7499999999999999,0.6299999999999999,-0.06666666666666667,0.4666666666666667,1.0,0.6,6,10
1242,0.631578947368421,0.5684210526315788,0.3333333333333333,0.6666666666666666,1.0,0.46153846153846156,6,13
1243,0.7368421052631579,0.6105263157894736,-0.14285714285714285,0.4285714285714286,1.0,0.5833333333333334,7,12
1244,0.7368421052631579,0.6842105263157894,0.5238095238095238,0.7619047619047619,1.0,0.5833333333333334,7,12
1245,0.5263157894736842,0.4157894736842105,-0.4,0.3,1.0,0.35714285714285715,5,14
1246,0.6666666666666666,0.5999999999999999,0.3333333333333333,0.6666666666666666,1.0,0.5,6,12
1247,0.5882352941176471,0.5529411764705883,0.6,0.8,1.0,0.4166666666666667,5,12
1248,0.782608695652174,0.658695652173913,-0.05555555555555555,0.4722222222222222,1.0,0.6428571428571429,9,14
1249,0.6,0.5399999999999999,0.3333333333333333,0.6666666666666666,1.0,0.42857142857142855,6,14
1250,0.8181818181818181,0.6340909090909089,-0.5,0.25,1.0,0.6923076923076923,9,13
1251,0.9565217391304348,0.9252173913043479,0.7818181818181819,0.8909090909090909,1.0,0.9166666666666666,11,12
1252,0.6,0.5399999999999999,0.3333333333333333,0.6666666666666666,1.0,0.42857142857142855,6,14
1253,0.6666666666666666,0.5466666666666666,-0.2,0.4,1.0,0.5,5,10
1254,0.8235294117647058,0.7882352941176469,0.7142857142857143,0.8571428571428572,1.0,0.7,7,10
1255,0.6,0.504,-0.06666666666666667,0.4666666666666667,1.0,0.42857142857142855,6,14
1256,0.6666666666666666,0.5866666666666666,0.2,0.6,1.0,0.5,6,12
1257,0.9333333333333333,0.76,-0.23809523809523808,0.38095238095238093,1.0,0.875,7,8
1258,0.6666666666666666,0.5599999999999999,-0.06666666666666667,0.4666666666666667,1.0,0.5,6,12
1259,0.6666666666666666,0.5619047619047618,-0.047619047619047616,0.47619047619047616,1.0,0.5,7,14
1260,0.8,0.6885714285714286,0.07142857142857142,0.5357142857142857,1.0,0.6666666666666666,8,12
1261,0.631578947368421,0.5810526315789473,0.4666666666666667,0.7333333333333334,1.0,0.46153846153846156,6,13
1262,0.4,0.27999999999999997,-1.0,0.0,1.0,0.25,3,12
1263,0.5882352941176471,0.4823529411764706,-0.2,0.4,1.0,0.4166666666666667,5,12
1264,0.9090909090909091,0.7818181818181817,0.06666666666666667,0.5333333333333333,1.0,0.8333333333333334,10,12
1265,0.8,0.74,0.5,0.75,1.0,0.6666666666666666,8,12
1266,0.6666666666666666,0.5333333333333332,-0.3333333333333333,0.33333333333333337,1.0,0.5,6,12
1267,0.5882352941176471,0.5176470588235293,0.2,0.6,1.0,0.4166666666666667,5,12
1268,0.5882352941176471,0.5352941176470588,0.4,0.7,1.0,0.4166666666666667,5,12
1269,0.8,0.6542857142857144,-0.21428571428571427,0.39285714285714285,1.0,0.6666666666666666,8,12
1270,0.631578947368421,0.5178947368421052,-0.2,0.4,1.0,0.46153846153846156,6,13
1271,1.0,0.9199999999999999,0.4666666666666667,0.7333333333333334,1.0,1.0,10,10
1272,0.761904761904762,0.672108843537415,0.21428571428571427,0.6071428571428571,1.0,0.6153846153846154,8,13
1273,0.5714285714285715,0.4571428571428572,-0.3333333333333333,0.33333333333333337,1.0,0.4,6,15
1274,0.5882352941176471,0.4823529411764706,-0.2,0.4,1.0,0.4166666666666667,5,12
1275,0.9411764705882353,0.8403361344537814,0.2857142857142857,0.6428571428571428,1.0,0.8888888888888888,8,9
1276,0.8571428571428571,0.72,-0.06666666666666667,0.4666666666666667,1.0,0.75,6,8
1277,0.5555555555555556,0.45555555555555555,-0.2,0.4,1.0,0.38461538461538464,5,13
1278,0.5555555555555556,0.4722222222222222,0.0,0.5,1.0,0.38461538461538464,5,13
1279,0.5882352941176471,0.5176470588235293,0.2,0.6,1.0,0.4166666666666667,5,12
1280,0.888888888888889,0.8222222222222222,0.5,0.75,1.0,0.8,8,10
1281,0.5882352941176471,0.46470588235294114,-0.4,0.3,1.0,0.4166666666666667,5,12
1282,0.6666666666666666,0.5904761904761904,0.23809523809523808,0.6190476190476191,1.0,0.5,7,14
1283,0.8,0.6971428571428571,0.14285714285714285,0.5714285714285714,1.0,0.6666666666666666,8,12
1284,0.5882352941176471,0.4117647058823529,-1.0,0.0,1.0,0.4166666666666667,5,12
1285,0.7368421052631579,0.5684210526315788,-0.5238095238095238,0.23809523809523808,1.0,0.5833333333333334,7,12
1286,0.9600000000000001,0.8203636363636364,0.030303030303030304,0.5151515151515151,0.9230769230769231,1.0,13,12
1287,0.8,0.6714285714285714,-0.07142857142857142,0.4642857142857143,1.0,0.6666666666666666,8,12
1288,0.8,0.7485714285714287,0.5714285714285714,0.7857142857142857,1.0,0.6666666666666666,8,12
1289,0.9090909090909091,0.7999999999999998,0.2,0.6,1.0,0.8333333333333334,10,12
1290,0.7000000000000001,0.6900000000000001,0.9047619047619048,0.9523809523809523,1.0,0.5384615384615384,7,13
1291,0.8333333333333333,0.7333333333333332,0.2,0.6,1.0,0.7142857142857143,10,14
1292,0.761904761904762,0.6884353741496598,0.35714285714285715,0.6785714285714286,1.0,0.6153846153846154,8,13
1293,0.7000000000000001,0.6,0.047619047619047616,0.5238095238095238,1.0,0.5384615384615384,7,13
1294,0.5555555555555556,0.5055555555555555,0.4,0.7,1.0,0.38461538461538464,5,13
1295,0.5,0.5,1.0,1.0,1.0,0.3333333333333333,4,12
1296,0.7692307692307693,0.7230769230769231,0.6,0.8,1.0,0.625,5,8
1297,0.782608695652174,0.6978260869565217,0.2777777777777778,0.6388888888888888,1.0,0.6428571428571429,9,14
1298,0.47058823529411764,0.39999999999999997,0.0,0.5,1.0,0.3076923076923077,4,13
1299,0.6666666666666666,0.5199999999999999,-0.4666666666666667,0.26666666666666666,1.0,0.5,6,12
1300,0.7000000000000001,0.54,-0.5238095238095238,0.23809523809523808,1.0,0.5384615384615384,7,13
1301,0.8235294117647058,0.7647058823529411,0.5238095238095238,0.7619047619047619,1.0,0.7,7,10
1302,0.761904761904762,0.6965986394557824,0.42857142857142855,0.7142857142857143,1.0,0.6153846153846154,8,13
1303,0.6666666666666666,0.5066666666666666,-0.6,0.2,1.0,0.5,6,12
1304,0.7000000000000001,0.67,0.7142857142857143,0.8571428571428572,1.0,0.5384615384615384,7,13
1305,0.8571428571428571,0.7571428571428571,0.2222222222222222,0.6111111111111112,1.0,0.75,9,12
1306,0.782608695652174,0.6652173913043479,0.0,0.5,1.0,0.6428571428571429,9,14
1307,0.6956521739130436,0.6881987577639752,0.9285714285714286,0.9642857142857143,1.0,0.5333333333333333,8,15
1308,0.625,0.5499999999999999,0.2,0.6,1.0,0.45454545454545453,5,11
1309,0.7000000000000001,0.63,0.3333333333333333,0.6666666666666666,1.0,0.5384615384615384,7,13
1310,0.5882352941176471,0.4823529411764706,-0.2,0.4,1.0,0.4166666666666667,5,12
1311,0.6666666666666666,0.5599999999999999,-0.06666666666666667,0.4666666666666667,1.0,0.5,6,12
1312,0.6153846153846153,0.6153846153846153,1.0,1.0,1.0,0.4444444444444444,4,9
1313,0.5882352941176471,0.5176470588235293,0.2,0.6,1.0,0.4166666666666667,5,12
1314,0.5,0.44999999999999996,0.3333333333333333,0.6666666666666666,1.0,0.3333333333333333,4,12
1315,0.7142857142857143,0.6714285714285714,0.6,0.8,1.0,0.5555555555555556,5,9
1316,0.8,0.72,0.3333333333333333,0.6666666666666666,1.0,0.6666666666666666,10,15
1317,0.6666666666666666,0.6133333333333333,0.4666666666666667,0.7333333333333334,1.0,0.5,6,12
1318,0.6363636363636364,0.509090909090909,-0.3333333333333333,0.33333333333333337,1.0,0.4666666666666667,7,15
1319,0.782608695652174,0.7304347826086957,0.5555555555555556,0.7777777777777778,0.6428571428571429,1.0,14,9
1320,0.6666666666666666,0.5714285714285714,0.047619047619047616,0.5238095238095238,1.0,0.5,7,14
1321,0.7368421052631579,0.6421052631578946,0.14285714285714285,0.5714285714285714,1.0,0.5833333333333334,7,12
1322,0.5882352941176471,0.5,0.0,0.5,1.0,0.4166666666666667,5,12
1323,0.5555555555555556,0.4388888888888889,-0.4,0.3,1.0,0.38461538461538464,5,13
1324,0.7272727272727273,0.6571428571428571,0.35714285714285715,0.6785714285714286,1.0,0.5714285714285714,8,14
1325,0.8695652173913044,0.7304347826086957,-0.06666666666666667,0.4666666666666667,1.0,0.7692307692307693,10,13
1326,0.9090909090909091,0.8181818181818181,0.3333333333333333,0.6666666666666666,0.8333333333333334,1.0,12,10
1327,0.4,0.4,1.0,1.0,1.0,0.25,3,12
1328,0.5882352941176471,0.5,0.0,0.5,1.0,0.4166666666666667,5,12
1329,0.47058823529411764,0.37647058823529406,-0.3333333333333333,0.33333333333333337,1.0,0.3076923076923077,4,13
1330,0.5882352941176471,0.5,0.0,0.5,1.0,0.4166666666666667,5,12
1331,0.7777777777777778,0.7222222222222222,0.5238095238095238,0.7619047619047619,1.0,0.6363636363636364,7,11
1332,1.0,0.975,0.8333333333333334,0.9166666666666667,1.0,1.0,9,9
1333,0.5882352941176471,0.5176470588235293,0.2,0.6,1.0,0.4166666666666667,5,12
1334,0.5882352941176471,0.46470588235294114,-0.4,0.3,1.0,0.4166666666666667,5,12
1335,0.47058823529411764,0.4235294117647058,0.3333333333333333,0.6666666666666666,1.0,0.3076923076923077,4,13
1336,0.6666666666666666,0.6133333333333333,0.4666666666666667,0.7333333333333334,1.0,0.5,6,12
1337,0.7777777777777778,0.7222222222222222,0.5238095238095238,0.7619047619047619,0.6363636363636364,1.0,11,7
1338,0.7499999999999999,0.6899999999999998,0.4666666666666667,0.7333333333333334,1.0,0.6,6,10
1339,0.4210526315789474,0.3368421052631579,-0.3333333333333333,0.33333333333333337,1.0,0.26666666666666666,4,15
1340,0.6,0.5279999999999999,0.2,0.6,1.0,0.42857142857142855,6,14
1341,0.7692307692307693,0.6717948717948719,0.15555555555555556,0.5777777777777777,1.0,0.625,10,16
1342,0.9090909090909091,0.7878787878787877,0.1111111111111111,0.5555555555555556,1.0,0.8333333333333334,10,12
1343,0.7368421052631579,0.6842105263157894,0.5238095238095238,0.7619047619047619,1.0,0.5833333333333334,7,12
1344,0.7272727272727273,0.6909090909090909,0.6666666666666666,0.8333333333333333,1.0,0.5714285714285714,4,7
1345,0.6666666666666666,0.6133333333333333,0.4666666666666667,0.7333333333333334,1.0,0.5,6,12
1346,0.8421052631578948,0.7428571428571429,0.21428571428571427,0.6071428571428571,1.0,0.7272727272727273,8,11
1347,0.5,0.5,1.0,1.0,1.0,0.3333333333333333,5,15
1348,1.0,0.8818181818181818,0.21212121212121213,0.6060606060606061,1.0,1.0,12,12
1349,0.8666666666666666,0.7466666666666666,0.07692307692307693,0.5384615384615384,0.7647058823529411,1.0,17,13
1350,0.6666666666666666,0.5866666666666666,0.2,0.6,1.0,0.5,6,12
1351,0.8,0.7314285714285714,0.42857142857142855,0.7142857142857143,1.0,0.6666666666666666,8,12
1352,0.6,0.5519999999999999,0.4666666666666667,0.7333333333333334,1.0,0.42857142857142855,6,14
1353,0.5263157894736842,0.431578947368421,-0.2,0.4,1.0,0.35714285714285715,5,14
1354,0.5882352941176471,0.5,0.0,0.5,1.0,0.4166666666666667,5,12
1356,0.8181818181818181,0.6749999999999999,-0.16666666666666666,0.4166666666666667,1.0,0.6923076923076923,9,13
1357,0.8181818181818181,0.7568181818181817,0.5,0.75,1.0,0.6923076923076923,9,13
1358,0.8695652173913044,0.7942028985507247,0.4222222222222222,0.7111111111111111,1.0,0.7692307692307693,10,13
1359,0.6666666666666666,0.5066666666666666,-0.6,0.2,1.0,0.5,5,10
1360,0.8750000000000001,0.775,0.23809523809523808,0.6190476190476191,1.0,0.7777777777777778,7,9
1361,0.5882352941176471,0.5705882352941176,0.8,0.9,1.0,0.4166666666666667,5,12
1362,0.6666666666666666,0.5599999999999999,-0.06666666666666667,0.4666666666666667,1.0,0.5,6,12
1363,0.761904761904762,0.6557823129251701,0.07142857142857142,0.5357142857142857,1.0,0.6153846153846154,8,13
1364,0.761904761904762,0.672108843537415,0.21428571428571427,0.6071428571428571,1.0,0.6153846153846154,8,13
1365,1.0,0.9571428571428571,0.7142857142857143,0.8571428571428572,1.0,1.0,8,8
1366,0.8571428571428571,0.7857142857142856,0.4444444444444444,0.7222222222222222,1.0,0.75,9,12
1367,0.631578947368421,0.5178947368421052,-0.2,0.4,1.0,0.46153846153846156,6,13
1368,0.8,0.6714285714285714,-0.07142857142857142,0.4642857142857143,1.0,0.6666666666666666,8,12
1369,0.782608695652174,0.6652173913043479,0.0,0.5,1.0,0.6428571428571429,9,14
1370,0.6666666666666666,0.5466666666666666,-0.2,0.4,1.0,0.5,6,12
1371,0.5882352941176471,0.5352941176470588,0.4,0.7,1.0,0.4166666666666667,5,12
1372,0.6666666666666666,0.5866666666666666,0.2,0.6,1.0,0.5,6,12
1373,0.9411764705882353,0.7899159663865545,-0.07142857142857142,0.4642857142857143,1.0,0.8888888888888888,8,9
1374,0.8,0.7314285714285714,0.42857142857142855,0.7142857142857143,1.0,0.6666666666666666,8,12
1375,0.625,0.49374999999999997,-0.4,0.3,1.0,0.45454545454545453,5,11
1376,0.6,0.5399999999999999,0.3333333333333333,0.6666666666666666,1.0,0.42857142857142855,6,14
1377,0.7499999999999999,0.7199999999999999,0.7333333333333333,0.8666666666666667,1.0,0.6,6,10
1378,0.7368421052631579,0.6526315789473683,0.23809523809523808,0.6190476190476191,1.0,0.5833333333333334,7,12
1379,0.8235294117647058,0.7529411764705882,0.42857142857142855,0.7142857142857143,0.7,1.0,10,7
1380,0.9090909090909091,0.8242424242424242,0.37777777777777777,0.6888888888888889,1.0,0.8333333333333334,10,12
1381,0.631578947368421,0.5052631578947367,-0.3333333333333333,0.33333333333333337,1.0,0.46153846153846156,6,13
1382,0.6666666666666666,0.5199999999999999,-0.4666666666666667,0.26666666666666666,1.0,0.5,6,12
1383,0.8,0.7142857142857143,0.2857142857142857,0.6428571428571428,1.0,0.6666666666666666,8,12
1384,0.7142857142857143,0.6714285714285714,0.6,0.8,1.0,0.5555555555555556,5,9
1385,0.6399999999999999,0.633142857142857,0.9285714285714286,0.9642857142857143,1.0,0.47058823529411764,8,17
1386,0.9411764705882353,0.9008403361344537,0.7142857142857143,0.8571428571428572,1.0,0.8888888888888888,8,9
1387,0.47058823529411764,0.4235294117647058,0.3333333333333333,0.6666666666666666,1.0,0.3076923076923077,4,13
1388,0.7368421052631579,0.6736842105263158,0.42857142857142855,0.7142857142857143,1.0,0.5833333333333334,7,12
1389,0.7000000000000001,0.53,-0.6190476190476191,0.19047619047619047,1.0,0.5384615384615384,7,13
1390,0.782608695652174,0.6782608695652174,0.1111111111111111,0.5555555555555556,1.0,0.6428571428571429,9,14
1391,0.5263157894736842,0.4157894736842105,-0.4,0.3,1.0,0.35714285714285715,5,14
1392,0.8181818181818181,0.6886363636363635,-0.05555555555555555,0.4722222222222222,1.0,0.6923076923076923,9,13
1393,0.8,0.7314285714285714,0.42857142857142855,0.7142857142857143,1.0,0.6666666666666666,8,12
1394,0.625,0.5125,-0.2,0.4,1.0,0.45454545454545453,5,11
1395,0.6666666666666666,0.5333333333333332,-0.3333333333333333,0.33333333333333337,1.0,0.5,6,12
1396,0.7142857142857143,0.6928571428571428,0.8,0.9,1.0,0.5555555555555556,5,9
1397,0.7000000000000001,0.66,0.6190476190476191,0.8095238095238095,1.0,0.5384615384615384,7,13
1398,0.375,0.375,1.0,1.0,1.0,0.23076923076923078,3,13
1399,0.7368421052631579,0.6105263157894736,-0.14285714285714285,0.4285714285714286,1.0,0.5833333333333334,7,12
1400,0.8571428571428571,0.7785714285714285,0.3888888888888889,0.6944444444444444,1.0,0.75,9,12
1401,1.0,0.869090909090909,0.12727272727272726,0.5636363636363636,1.0,1.0,11,11
1402,0.6666666666666666,0.5619047619047618,-0.047619047619047616,0.47619047619047616,1.0,0.5,7,14
1403,0.88,0.736,-0.09090909090909091,0.45454545454545453,1.0,0.7857142857142857,11,14
1404,0.8,0.68,0.0,0.5,1.0,0.6666666666666666,8,12
1405,0.6,0.5279999999999999,0.2,0.6,1.0,0.42857142857142855,6,14
1406,0.631578947368421,0.5557894736842104,0.2,0.6,1.0,0.46153846153846156,6,13
1407,0.5263157894736842,0.47894736842105257,0.4,0.7,1.0,0.35714285714285715,5,14
1408,0.7000000000000001,0.56,-0.3333333333333333,0.33333333333333337,1.0,0.5384615384615384,7,13
1409,0.5882352941176471,0.5,0.0,0.5,1.0,0.4166666666666667,5,12
1410,0.9090909090909091,0.7999999999999998,0.2,0.6,0.8333333333333334,1.0,12,10
1411,1.0,0.8884615384615384,0.2564102564102564,0.6282051282051282,1.0,1.0,13,13
1412,1.0,0.8818181818181818,0.21212121212121213,0.6060606060606061,1.0,1.0,12,12
1413,0.8,0.7314285714285714,0.42857142857142855,0.7142857142857143,1.0,0.6666666666666666,8,12
1414,0.8,0.7142857142857143,0.2857142857142857,0.6428571428571428,1.0,0.6666666666666666,8,12
1415,0.631578947368421,0.6189473684210526,0.8666666666666667,0.9333333333333333,1.0,0.46153846153846156,6,13
1416,0.5833333333333334,0.49166666666666664,-0.047619047619047616,0.47619047619047616,1.0,0.4117647058823529,7,17
1417,0.8148148148148148,0.6859259259259258,-0.05454545454545454,0.4727272727272727,1.0,0.6875,11,16
1418,0.8181818181818181,0.6818181818181817,-0.1111111111111111,0.4444444444444444,1.0,0.6923076923076923,9,13
1419,0.8571428571428571,0.7642857142857142,0.2777777777777778,0.6388888888888888,1.0,0.75,9,12
1420,0.631578947368421,0.49263157894736836,-0.4666666666666667,0.26666666666666666,1.0,0.46153846153846156,6,13
1421,0.631578947368421,0.5810526315789473,0.4666666666666667,0.7333333333333334,1.0,0.46153846153846156,6,13
1422,0.631578947368421,0.5684210526315788,0.3333333333333333,0.6666666666666666,1.0,0.46153846153846156,6,13
1423,0.8,0.6885714285714286,0.07142857142857142,0.5357142857142857,1.0,0.6666666666666666,8,12
1424,0.9333333333333333,0.8533333333333333,0.42857142857142855,0.7142857142857143,0.875,1.0,8,7
1425,0.8750000000000001,0.7250000000000001,-0.14285714285714285,0.4285714285714286,1.0,0.7777777777777778,7,9
1426,0.6666666666666666,0.5599999999999999,-0.06666666666666667,0.4666666666666667,1.0,0.5,6,12
1427,0.9090909090909091,0.8424242424242424,0.5111111111111111,0.7555555555555555,1.0,0.8333333333333334,10,12
1428,0.9090909090909091,0.7454545454545454,-0.2,0.4,1.0,0.8333333333333334,10,12
1429,0.6666666666666666,0.5866666666666666,0.2,0.6,1.0,0.5,6,12
1430,0.761904761904762,0.7047619047619048,0.5,0.75,1.0,0.6153846153846154,8,13
1431,0.5714285714285715,0.5142857142857143,0.3333333333333333,0.6666666666666666,1.0,0.4,6,15
1432,1.0,0.8954545454545454,0.30303030303030304,0.6515151515151515,1.0,1.0,12,12
1433,0.7499999999999999,0.6149999999999999,-0.2,0.4,1.0,0.6,6,10
1434,0.5,0.41,-0.2,0.4,1.0,0.3333333333333333,5,15
1435,0.631578947368421,0.5305263157894736,-0.06666666666666667,0.4666666666666667,1.0,0.46153846153846156,6,13
1436,0.9,0.69,-0.5555555555555556,0.2222222222222222,1.0,0.8181818181818182,9,11
1437,0.5882352941176471,0.46470588235294114,-0.4,0.3,1.0,0.4166666666666667,5,12
1438,0.7000000000000001,0.6,0.047619047619047616,0.5238095238095238,1.0,0.5384615384615384,7,13
1439,0.8,0.74,0.5,0.75,1.0,0.6666666666666666,8,12
1440,0.7368421052631579,0.7263157894736841,0.9047619047619048,0.9523809523809523,1.0,0.5833333333333334,7,12
1441,0.7368421052631579,0.5894736842105263,-0.3333333333333333,0.33333333333333337,1.0,0.5833333333333334,7,12
1442,0.6666666666666666,0.5733333333333333,0.06666666666666667,0.5333333333333333,1.0,0.5,6,12
1443,0.6666666666666666,0.5866666666666666,0.2,0.6,1.0,0.5,5,10
1444,0.6666666666666666,0.5866666666666666,0.2,0.6,1.0,0.5,6,12
1445,0.625,0.475,-0.6,0.2,1.0,0.45454545454545453,5,11
1446,0.5882352941176471,0.5352941176470588,0.4,0.7,1.0,0.4166666666666667,5,12
1447,1.0,0.8178571428571428,-0.21428571428571427,0.39285714285714285,1.0,1.0,8,8
1448,0.6666666666666666,0.6133333333333333,0.4666666666666667,0.7333333333333334,1.0,0.5,6,12
1449,0.8421052631578948,0.706766917293233,-0.07142857142857142,0.4642857142857143,1.0,0.7272727272727273,8,11
1450,0.5,0.43999999999999995,0.2,0.6,1.0,0.3333333333333333,5,15
1451,0.9090909090909091,0.7939393939393938,0.15555555555555556,0.5777777777777777,1.0,0.8333333333333334,10,12
1452,0.9285714285714286,0.825,0.2564102564102564,0.6282051282051282,0.8666666666666667,1.0,15,13
1453,0.7272727272727273,0.6649350649350649,0.42857142857142855,0.7142857142857143,1.0,0.5714285714285714,8,14
1454,0.5555555555555556,0.45555555555555555,-0.2,0.4,1.0,0.38461538461538464,5,13
1455,0.6666666666666666,0.5466666666666666,-0.2,0.4,1.0,0.5,6,12
1456,0.6666666666666666,0.5199999999999999,-0.4666666666666667,0.26666666666666666,1.0,0.5,6,12
1457,0.7272727272727273,0.6727272727272727,0.5,0.75,1.0,0.5714285714285714,8,14
1458,0.8,0.6714285714285714,-0.07142857142857142,0.4642857142857143,1.0,0.6666666666666666,8,12
1459,0.5555555555555556,0.4722222222222222,0.0,0.5,1.0,0.38461538461538464,5,13
1460,0.7368421052631579,0.6421052631578946,0.14285714285714285,0.5714285714285714,1.0,0.5833333333333334,7,12
1461,0.8181818181818181,0.6886363636363635,-0.05555555555555555,0.4722222222222222,1.0,0.6923076923076923,9,13
1462,0.631578947368421,0.5557894736842104,0.2,0.6,1.0,0.46153846153846156,6,13
1463,0.9285714285714286,0.8107142857142856,0.15384615384615385,0.5769230769230769,0.8666666666666667,1.0,15,13
1464,0.761904761904762,0.6639455782312925,0.14285714285714285,0.5714285714285714,1.0,0.6153846153846154,8,13
1465,0.9090909090909091,0.7878787878787877,0.1111111111111111,0.5555555555555556,1.0,0.8333333333333334,10,12
1466,0.8,0.68,0.0,0.5,1.0,0.6666666666666666,8,12
1467,0.5263157894736842,0.4157894736842105,-0.4,0.3,1.0,0.35714285714285715,5,14
1468,0.8,0.74,0.5,0.75,1.0,0.6666666666666666,8,12
1469,0.6,0.516,0.06666666666666667,0.5333333333333333,1.0,0.42857142857142855,6,14
1470,0.8,0.6542857142857144,-0.21428571428571427,0.39285714285714285,1.0,0.6666666666666666,8,12
1471,0.7272727272727273,0.6103896103896104,-0.07142857142857142,0.4642857142857143,1.0,0.5714285714285714,8,14
1472,0.7692307692307693,0.7076923076923077,0.4666666666666667,0.7333333333333334,1.0,0.625,10,16
1474,0.8,0.74,0.5,0.75,1.0,0.6666666666666666,8,12
1475,0.8,0.6542857142857144,-0.21428571428571427,0.39285714285714285,1.0,0.6666666666666666,8,12
1476,1.0,0.9409090909090908,0.6060606060606061,0.803030303030303,1.0,1.0,12,12
1477,0.6666666666666666,0.5599999999999999,-0.06666666666666667,0.4666666666666667,1.0,0.5,6,12
1478,0.5555555555555556,0.45555555555555555,-0.2,0.4,1.0,0.38461538461538464,5,13
1479,0.8571428571428571,0.7571428571428571,0.2222222222222222,0.6111111111111112,1.0,0.75,9,12
1480,0.761904761904762,0.7292517006802721,0.7142857142857143,0.8571428571428572,1.0,0.6153846153846154,8,13
1481,0.7368421052631579,0.5684210526315788,-0.5238095238095238,0.23809523809523808,1.0,0.5833333333333334,7,12
1482,0.5263157894736842,0.431578947368421,-0.2,0.4,1.0,0.35714285714285715,5,14
1483,0.8,0.7485714285714287,0.5714285714285714,0.7857142857142857,1.0,0.6666666666666666,8,12
1484,0.782608695652174,0.6847826086956522,0.16666666666666666,0.5833333333333334,1.0,0.6428571428571429,9,14
1485,0.8,0.6285714285714286,-0.42857142857142855,0.2857142857142857,1.0,0.6666666666666666,8,12
1486,0.9090909090909091,0.8303030303030303,0.4222222222222222,0.7111111111111111,1.0,0.8333333333333334,10,12
1487,0.7000000000000001,0.58,-0.14285714285714285,0.4285714285714286,1.0,0.5384615384615384,7,13
1489,0.8,0.72,0.3333333333333333,0.6666666666666666,1.0,0.6666666666666666,4,6
1490,0.8571428571428571,0.7714285714285714,0.3333333333333333,0.6666666666666666,0.75,1.0,16,12
1491,0.5263157894736842,0.431578947368421,-0.2,0.4,1.0,0.35714285714285715,5,14
1492,0.6666666666666666,0.5999999999999999,0.3333333333333333,0.6666666666666666,1.0,0.5,7,14
1493,0.5,0.425,0.0,0.5,1.0,0.3333333333333333,4,12
1494,0.5882352941176471,0.5176470588235293,0.2,0.6,1.0,0.4166666666666667,5,12
1495,0.6956521739130436,0.5540372670807454,-0.35714285714285715,0.3214285714285714,1.0,0.5333333333333333,8,15
1496,0.8235294117647058,0.7647058823529411,0.5238095238095238,0.7619047619047619,1.0,0.7,7,10
1497,0.761904761904762,0.672108843537415,0.21428571428571427,0.6071428571428571,1.0,0.6153846153846154,8,13
1498,0.5263157894736842,0.39999999999999997,-0.6,0.2,1.0,0.35714285714285715,5,14
1499,0.5263157894736842,0.4473684210526315,0.0,0.5,1.0,0.35714285714285715,5,14
1500,0.8333333333333333,0.7444444444444444,0.28888888888888886,0.6444444444444444,1.0,0.7142857142857143,10,14
1501,0.5555555555555556,0.4722222222222222,0.0,0.5,1.0,0.38461538461538464,5,13
1502,0.9473684210526316,0.8605263157894736,0.3888888888888889,0.6944444444444444,1.0,0.9,9,10
1503,0.631578947368421,0.5305263157894736,-0.06666666666666667,0.4666666666666667,1.0,0.46153846153846156,6,13
1504,0.8695652173913044,0.718840579710145,-0.15555555555555556,0.4222222222222222,1.0,0.7692307692307693,10,13
1505,0.9600000000000001,0.8552727272727273,0.2727272727272727,0.6363636363636364,1.0,0.9230769230769231,12,13
1506,0.6666666666666666,0.5866666666666666,0.2,0.6,1.0,0.5,6,12
1507,0.9600000000000001,0.864,0.3333333333333333,0.6666666666666666,0.9230769230769231,1.0,13,12
1508,0.5882352941176471,0.4294117647058824,-0.8,0.09999999999999998,1.0,0.4166666666666667,5,12
1509,0.7272727272727273,0.5948051948051948,-0.21428571428571427,0.39285714285714285,1.0,0.5714285714285714,8,14
1510,0.5454545454545454,0.4799999999999999,0.2,0.6,1.0,0.375,6,16
1511,0.6,0.444,-0.7333333333333333,0.13333333333333336,1.0,0.42857142857142855,6,14
1512,0.7368421052631579,0.6736842105263158,0.42857142857142855,0.7142857142857143,1.0,0.5833333333333334,7,12
1513,0.7000000000000001,0.61,0.14285714285714285,0.5714285714285714,1.0,0.5384615384615384,7,13
1514,0.6666666666666666,0.6266666666666666,0.6,0.8,1.0,0.5,6,12
1515,0.7368421052631579,0.6631578947368421,0.3333333333333333,0.6666666666666666,1.0,0.5833333333333334,7,12
1516,0.888888888888889,0.8323232323232324,0.5757575757575758,0.7878787878787878,1.0,0.8,12,15
1517,0.8235294117647058,0.7529411764705882,0.42857142857142855,0.7142857142857143,1.0,0.7,7,10
1518,0.7368421052631579,0.6,-0.23809523809523808,0.38095238095238093,1.0,0.5833333333333334,7,12
1519,0.9600000000000001,0.7898181818181818,-0.18181818181818182,0.40909090909090906,1.0,0.9230769230769231,12,13
1520,0.9333333333333333,0.7999999999999999,0.047619047619047616,0.5238095238095238,1.0,0.875,7,8
1521,0.8,0.6542857142857144,-0.21428571428571427,0.39285714285714285,1.0,0.6666666666666666,8,12
1522,1.0,0.9266666666666666,0.5111111111111111,0.7555555555555555,1.0,1.0,10,10
1523,0.923076923076923,0.7930069930069928,0.06060606060606061,0.5303030303030303,0.8571428571428571,1.0,14,12
1524,0.5555555555555556,0.4888888888888889,0.2,0.6,1.0,0.38461538461538464,5,13
1525,0.9090909090909091,0.7939393939393938,0.15555555555555556,0.5777777777777777,1.0,0.8333333333333334,10,12
1526,0.8571428571428571,0.7928571428571427,0.5,0.75,1.0,0.75,9,12
1527,0.7368421052631579,0.5894736842105263,-0.3333333333333333,0.33333333333333337,1.0,0.5833333333333334,7,12
1528,0.8695652173913044,0.718840579710145,-0.15555555555555556,0.4222222222222222,1.0,0.7692307692307693,10,13
1529,0.7499999999999999,0.6449999999999999,0.06666666666666667,0.5333333333333333,1.0,0.6,6,10
1530,0.5263157894736842,0.46315789473684205,0.2,0.6,1.0,0.35714285714285715,5,14
1531,0.8333333333333333,0.7722222222222221,0.5111111111111111,0.7555555555555555,1.0,0.7142857142857143,10,14
1532,0.6666666666666666,0.619047619047619,0.5238095238095238,0.7619047619047619,1.0,0.5,7,14
1533,0.7272727272727273,0.6493506493506493,0.2857142857142857,0.6428571428571428,1.0,0.5714285714285714,8,14
1534,0.625,0.5499999999999999,0.2,0.6,1.0,0.45454545454545453,5,11
1535,0.7058823529411764,0.5929411764705882,-0.06666666666666667,0.4666666666666667,1.0,0.5454545454545454,6,11
1536,0.923076923076923,0.7594405594405593,-0.18181818181818182,0.40909090909090906,0.8571428571428571,1.0,14,12
1537,0.5882352941176471,0.5176470588235293,0.2,0.6,1.0,0.4166666666666667,5,12
1538,0.7272727272727273,0.6493506493506493,0.2857142857142857,0.6428571428571428,1.0,0.5714285714285714,8,14
1540,0.8,0.6971428571428571,0.14285714285714285,0.5714285714285714,1.0,0.6666666666666666,8,12
1541,0.8695652173913044,0.7362318840579711,-0.022222222222222223,0.4888888888888889,1.0,0.7692307692307693,10,13
1542,0.9523809523809523,0.8380952380952379,0.2,0.6,1.0,0.9090909090909091,10,11
1543,0.5882352941176471,0.4823529411764706,-0.2,0.4,1.0,0.4166666666666667,5,12
1544,0.5882352941176471,0.5176470588235293,0.2,0.6,1.0,0.4166666666666667,5,12
1545,0.5882352941176471,0.5529411764705883,0.6,0.8,1.0,0.4166666666666667,5,12
1546,0.7368421052631579,0.6631578947368421,0.3333333333333333,0.6666666666666666,1.0,0.5833333333333334,7,12
1547,0.5882352941176471,0.5176470588235293,0.2,0.6,1.0,0.4166666666666667,5,12
1548,0.6666666666666666,0.5866666666666666,0.2,0.6,1.0,0.5,6,12
1549,0.5882352941176471,0.5529411764705883,0.6,0.8,1.0,0.4166666666666667,5,12
1550,0.631578947368421,0.5178947368421052,-0.2,0.4,1.0,0.46153846153846156,6,13
1551,0.761904761904762,0.6884353741496598,0.35714285714285715,0.6785714285714286,1.0,0.6153846153846154,8,13
1552,0.7058823529411764,0.6211764705882351,0.2,0.6,1.0,0.5454545454545454,6,11
1553,0.761904761904762,0.6231292517006803,-0.21428571428571427,0.39285714285714285,1.0,0.6153846153846154,8,13
1554,0.9090909090909091,0.8060606060606059,0.24444444444444444,0.6222222222222222,0.8333333333333334,1.0,12,10
1555,0.7368421052631579,0.6210526315789473,-0.047619047619047616,0.47619047619047616,1.0,0.5833333333333334,7,12
1556,0.5882352941176471,0.5352941176470588,0.4,0.7,1.0,0.4166666666666667,5,12
1557,0.7777777777777778,0.6444444444444444,-0.14285714285714285,0.4285714285714286,1.0,0.6363636363636364,7,11
1558,0.5882352941176471,0.46470588235294114,-0.4,0.3,1.0,0.4166666666666667,5,12
1559,0.8,0.7314285714285714,0.42857142857142855,0.7142857142857143,1.0,0.6666666666666666,8,12
1560,0.7272727272727273,0.6103896103896104,-0.07142857142857142,0.4642857142857143,1.0,0.5714285714285714,8,14
1561,0.6666666666666666,0.5428571428571428,-0.23809523809523808,0.38095238095238093,1.0,0.5,7,14
1562,0.6666666666666666,0.5733333333333333,0.06666666666666667,0.5333333333333333,1.0,0.5,6,12
1563,0.8695652173913044,0.8347826086956522,0.7333333333333333,0.8666666666666667,1.0,0.7692307692307693,10,13
1564,0.6666666666666666,0.5599999999999999,-0.06666666666666667,0.4666666666666667,1.0,0.5,6,12
1565,0.5714285714285715,0.44571428571428573,-0.4666666666666667,0.26666666666666666,1.0,0.4,6,15
1566,0.8,0.7228571428571429,0.35714285714285715,0.6785714285714286,0.6666666666666666,1.0,12,8
1567,1.0,0.85,0.0,0.5,1.0,1.0,12,12
1569,0.5263157894736842,0.47894736842105257,0.4,0.7,1.0,0.35714285714285715,5,14
1571,0.7000000000000001,0.63,0.3333333333333333,0.6666666666666666,1.0,0.5384615384615384,7,13
1572,0.9090909090909091,0.7454545454545454,-0.2,0.4,1.0,0.8333333333333334,10,12
1574,0.5555555555555556,0.5055555555555555,0.4,0.7,1.0,0.38461538461538464,5,13
1575,0.6666666666666666,0.5466666666666666,-0.2,0.4,1.0,0.5,6,12
1576,0.8,0.68,0.0,0.5,1.0,0.6666666666666666,8,12
1577,0.6666666666666666,0.4933333333333333,-0.7333333333333333,0.13333333333333336,1.0,0.5,6,12
1578,0.782608695652174,0.6847826086956522,0.16666666666666666,0.5833333333333334,1.0,0.6428571428571429,9,14
1579,0.9565217391304348,0.8417391304347825,0.2,0.6,1.0,0.9166666666666666,11,12
1580,0.5263157894736842,0.4473684210526315,0.0,0.5,1.0,0.35714285714285715,5,14
1581,0.6666666666666666,0.5999999999999999,0.3333333333333333,0.6666666666666666,1.0,0.5,4,8
1582,0.5882352941176471,0.5352941176470588,0.4,0.7,1.0,0.4166666666666667,5,12
1583,0.6666666666666666,0.5466666666666666,-0.2,0.4,1.0,0.5,6,12
1584,0.6666666666666666,0.5199999999999999,-0.4666666666666667,0.26666666666666666,1.0,0.5,6,12
1585,0.8695652173913044,0.7536231884057971,0.1111111111111111,0.5555555555555556,1.0,0.7692307692307693,10,13
1586,0.7368421052631579,0.5368421052631578,-0.8095238095238095,0.09523809523809523,1.0,0.5833333333333334,7,12
1587,0.5555555555555556,0.5388888888888889,0.8,0.9,1.0,0.38461538461538464,5,13
1588,0.7000000000000001,0.6,0.047619047619047616,0.5238095238095238,1.0,0.5384615384615384,7,13
1589,0.7368421052631579,0.6842105263157894,0.5238095238095238,0.7619047619047619,1.0,0.5833333333333334,7,12
1590,0.782608695652174,0.6717391304347826,0.05555555555555555,0.5277777777777778,1.0,0.6428571428571429,9,14
1591,0.6399999999999999,0.5919999999999999,0.5,0.75,1.0,0.47058823529411764,8,17
1592,0.5882352941176471,0.5,0.0,0.5,1.0,0.4166666666666667,5,12
1593,0.5263157894736842,0.47894736842105257,0.4,0.7,1.0,0.35714285714285715,5,14
1594,0.5882352941176471,0.4823529411764706,-0.2,0.4,1.0,0.4166666666666667,5,12
1595,0.8,0.7828571428571429,0.8571428571428571,0.9285714285714286,1.0,0.6666666666666666,8,12
1596,0.5555555555555556,0.5055555555555555,0.4,0.7,1.0,0.38461538461538464,5,13
1597,0.5882352941176471,0.5352941176470588,0.4,0.7,1.0,0.4166666666666667,5,12
1598,0.8571428571428571,0.72,-0.06666666666666667,0.4666666666666667,0.75,1.0,8,6
1599,0.7272727272727273,0.6649350649350649,0.42857142857142855,0.7142857142857143,1.0,0.5714285714285714,8,14
1600,0.8695652173913044,0.7768115942028986,0.28888888888888886,0.6444444444444444,1.0,0.7692307692307693,10,13
1601,0.8571428571428571,0.7714285714285714,0.3333333333333333,0.6666666666666666,1.0,0.75,9,12
1602,0.8387096774193548,0.7354838709677418,0.1794871794871795,0.5897435897435898,0.7222222222222222,1.0,18,13
1603,0.7692307692307693,0.7461538461538462,0.8,0.9,1.0,0.625,5,8
1604,0.6666666666666666,0.6133333333333333,0.4666666666666667,0.7333333333333334,1.0,0.5,6,12
1605,0.9411764705882353,0.8705882352941176,0.5,0.75,1.0,0.8888888888888888,8,9
1606,0.5882352941176471,0.5529411764705883,0.6,0.8,1.0,0.4166666666666667,5,12
1607,0.5263157894736842,0.4947368421052631,0.6,0.8,1.0,0.35714285714285715,5,14
1608,0.5555555555555556,0.4888888888888889,0.2,0.6,1.0,0.38461538461538464,5,13
1609,0.8,0.6971428571428571,0.14285714285714285,0.5714285714285714,1.0,0.6666666666666666,8,12
1610,0.5882352941176471,0.4470588235294118,-0.6,0.2,1.0,0.4166666666666667,5,12
1611,0.6,0.504,-0.06666666666666667,0.4666666666666667,1.0,0.42857142857142855,6,14
1612,0.5,0.44999999999999996,0.3333333333333333,0.6666666666666666,1.0,0.3333333333333333,4,12
1613,0.6666666666666666,0.5733333333333333,0.06666666666666667,0.5333333333333333,1.0,0.5,6,12
1614,0.6666666666666666,0.5466666666666666,-0.2,0.4,1.0,0.5,6,12
1615,0.631578947368421,0.6063157894736841,0.7333333333333333,0.8666666666666667,1.0,0.46153846153846156,6,13
1616,0.761904761904762,0.6802721088435374,0.2857142857142857,0.6428571428571428,1.0,0.6153846153846154,8,13
1617,1.0,0.8681818181818182,0.12121212121212122,0.5606060606060606,1.0,1.0,12,12
1618,0.5882352941176471,0.5176470588235293,0.2,0.6,1.0,0.4166666666666667,5,12
1620,0.6666666666666666,0.5599999999999999,-0.06666666666666667,0.4666666666666667,1.0,0.5,6,12
1622,0.7368421052631579,0.6736842105263158,0.42857142857142855,0.7142857142857143,1.0,0.5833333333333334,7,12
1623,0.7000000000000001,0.65,0.5238095238095238,0.7619047619047619,1.0,0.5384615384615384,7,13
1624,0.5882352941176471,0.5176470588235293,0.2,0.6,1.0,0.4166666666666667,5,12
1625,0.6666666666666666,0.5999999999999999,0.3333333333333333,0.6666666666666666,1.0,0.5,6,12
1626,1.0,0.8999999999999999,0.3333333333333333,0.6666666666666666,1.0,1.0,12,12
1627,0.5,0.39999999999999997,-0.3333333333333333,0.33333333333333337,1.0,0.3333333333333333,4,12
1628,0.5263157894736842,0.47894736842105257,0.4,0.7,1.0,0.35714285714285715,5,14
1629,0.7000000000000001,0.6799999999999999,0.8095238095238095,0.9047619047619048,1.0,0.5384615384615384,7,13
1630,0.8235294117647058,0.7647058823529411,0.5238095238095238,0.7619047619047619,1.0,0.7,7,10
1631,0.8571428571428571,0.7363636363636362,0.06060606060606061,0.5303030303030303,0.75,1.0,16,12
1632,0.631578947368421,0.5305263157894736,-0.06666666666666667,0.4666666666666667,1.0,0.46153846153846156,6,13
1633,0.761904761904762,0.5986394557823129,-0.42857142857142855,0.2857142857142857,1.0,0.6153846153846154,8,13
1634,0.5882352941176471,0.5176470588235293,0.2,0.6,1.0,0.4166666666666667,5,12
1635,0.5263157894736842,0.4947368421052631,0.6,0.8,1.0,0.35714285714285715,5,14
1636,0.7058823529411764,0.5647058823529411,-0.3333333333333333,0.33333333333333337,1.0,0.5454545454545454,6,11
1637,0.7368421052631579,0.631578947368421,0.047619047619047616,0.5238095238095238,1.0,0.5833333333333334,7,12
1638,0.8695652173913044,0.7652173913043478,0.2,0.6,1.0,0.7692307692307693,10,13
1640,0.761904761904762,0.6639455782312925,0.14285714285714285,0.5714285714285714,1.0,0.6153846153846154,8,13
1641,0.8148148148148148,0.7081481481481481,0.12727272727272726,0.5636363636363636,1.0,0.6875,11,16
1642,0.5882352941176471,0.5352941176470588,0.4,0.7,1.0,0.4166666666666667,5,12
1643,0.7368421052631579,0.6421052631578946,0.14285714285714285,0.5714285714285714,1.0,0.5833333333333334,7,12
1644,0.8571428571428571,0.7428571428571428,0.1111111111111111,0.5555555555555556,1.0,0.75,9,12
1645,0.6666666666666666,0.6133333333333333,0.4666666666666667,0.7333333333333334,1.0,0.5,6,12
1646,0.7368421052631579,0.6631578947368421,0.3333333333333333,0.6666666666666666,1.0,0.5833333333333334,7,12
1647,0.7368421052631579,0.6631578947368421,0.3333333333333333,0.6666666666666666,1.0,0.5833333333333334,7,12
1648,0.631578947368421,0.49263157894736836,-0.4666666666666667,0.26666666666666666,1.0,0.46153846153846156,6,13
1649,0.9166666666666666,0.7916666666666665,0.09090909090909091,0.5454545454545454,1.0,0.8461538461538461,11,13
1651,0.6666666666666666,0.5266666666666666,-0.4,0.3,1.0,0.5,5,10
1652,0.7499999999999999,0.6149999999999999,-0.2,0.4,1.0,0.6,6,10
1653,0.888888888888889,0.7474747474747474,-0.06060606060606061,0.4696969696969697,0.8,1.0,15,12
1654,0.6666666666666666,0.5599999999999999,-0.06666666666666667,0.4666666666666667,1.0,0.5,6,12
1655,0.625,0.49374999999999997,-0.4,0.3,1.0,0.45454545454545453,5,11
1657,0.6666666666666666,0.5733333333333333,0.06666666666666667,0.5333333333333333,1.0,0.5,6,12
1658,0.9090909090909091,0.7878787878787877,0.1111111111111111,0.5555555555555556,1.0,0.8333333333333334,10,12
1659,0.7000000000000001,0.5700000000000001,-0.23809523809523808,0.38095238095238093,1.0,0.5384615384615384,7,13
1660,0.6666666666666666,0.5333333333333332,-0.3333333333333333,0.33333333333333337,1.0,0.5,7,14
1661,0.8235294117647058,0.6941176470588234,-0.047619047619047616,0.47619047619047616,1.0,0.7,7,10
1662,0.9600000000000001,0.7941818181818181,-0.15151515151515152,0.42424242424242425,1.0,0.9230769230769231,12,13
1663,0.7000000000000001,0.63,0.3333333333333333,0.6666666666666666,1.0,0.5384615384615384,7,13
1664,0.8,0.7228571428571429,0.35714285714285715,0.6785714285714286,1.0,0.6666666666666666,8,12
1665,0.8181818181818181,0.6954545454545454,0.0,0.5,1.0,0.6923076923076923,9,13
1666,0.7368421052631579,0.6631578947368421,0.3333333333333333,0.6666666666666666,1.0,0.5833333333333334,7,12
1667,0.47058823529411764,0.4235294117647058,0.3333333333333333,0.6666666666666666,1.0,0.3076923076923077,4,13
1668,0.8571428571428571,0.7714285714285714,0.3333333333333333,0.6666666666666666,1.0,0.75,9,12
1669,0.7058823529411764,0.5929411764705882,-0.06666666666666667,0.4666666666666667,1.0,0.5454545454545454,6,11
1670,1.0,0.9199999999999999,0.4666666666666667,0.7333333333333334,1.0,1.0,6,6
1671,0.6666666666666666,0.5866666666666666,0.2,0.6,1.0,0.5,6,12
1672,0.8,0.6542857142857144,-0.21428571428571427,0.39285714285714285,1.0,0.6666666666666666,8,12
1673,0.47058823529411764,0.44705882352941173,0.6666666666666666,0.8333333333333333,1.0,0.3076923076923077,4,13
1674,0.7692307692307693,0.7,0.4,0.7,1.0,0.625,5,8
1675,0.8181818181818181,0.709090909090909,0.1111111111111111,0.5555555555555556,1.0,0.6923076923076923,9,13
1677,0.761904761904762,0.6884353741496598,0.35714285714285715,0.6785714285714286,1.0,0.6153846153846154,8,13
1678,0.8571428571428571,0.7928571428571427,0.5,0.75,1.0,0.75,9,12
1679,0.8,0.7657142857142857,0.7142857142857143,0.8571428571428572,1.0,0.6666666666666666,8,12
1680,0.5263157894736842,0.39999999999999997,-0.6,0.2,1.0,0.35714285714285715,5,14
1681,0.4444444444444445,0.39999999999999997,0.3333333333333333,0.6666666666666666,1.0,0.2857142857142857,4,14
1682,0.5555555555555556,0.4722222222222222,0.0,0.5,1.0,0.38461538461538464,5,13
1683,0.631578947368421,0.5810526315789473,0.4666666666666667,0.7333333333333334,1.0,0.46153846153846156,6,13
1684,0.8571428571428571,0.7571428571428571,0.2222222222222222,0.6111111111111112,1.0,0.75,9,12
1685,0.8695652173913044,0.7652173913043478,0.2,0.6,1.0,0.7692307692307693,10,13
1686,0.9166666666666666,0.7516666666666666,-0.2,0.4,1.0,0.8461538461538461,11,13
1687,0.4444444444444445,0.37777777777777777,0.0,0.5,1.0,0.2857142857142857,4,14
1688,0.7499999999999999,0.6374999999999998,0.0,0.5,1.0,0.6,9,15
1689,0.5882352941176471,0.5,0.0,0.5,1.0,0.4166666666666667,5,12
1690,0.5882352941176471,0.46470588235294114,-0.4,0.3,1.0,0.4166666666666667,5,12
1691,0.8,0.6885714285714286,0.07142857142857142,0.5357142857142857,1.0,0.6666666666666666,8,12
1692,0.8333333333333333,0.6611111111111111,-0.37777777777777777,0.3111111111111111,1.0,0.7142857142857143,10,14
1693,0.761904761904762,0.6802721088435374,0.2857142857142857,0.6428571428571428,1.0,0.6153846153846154,8,13
1694,0.6666666666666666,0.5599999999999999,-0.06666666666666667,0.4666666666666667,1.0,0.5,6,12
1695,0.9565217391304348,0.8417391304347825,0.2,0.6,1.0,0.9166666666666666,11,12
1696,0.8181818181818181,0.6272727272727272,-0.5555555555555556,0.2222222222222222,1.0,0.6923076923076923,9,13
1697,0.761904761904762,0.6965986394557824,0.42857142857142855,0.7142857142857143,1.0,0.6153846153846154,8,13
1698,0.9090909090909091,0.7939393939393938,0.15555555555555556,0.5777777777777777,1.0,0.8333333333333334,10,12
1699,0.8571428571428571,0.7999999999999999,0.5555555555555556,0.7777777777777778,1.0,0.75,9,12
1700,0.8695652173913044,0.7768115942028986,0.28888888888888886,0.6444444444444444,1.0,0.7692307692307693,10,13
1701,0.8181818181818181,0.6749999999999999,-0.16666666666666666,0.4166666666666667,1.0,0.6923076923076923,9,13
1702,0.8,0.6542857142857144,-0.21428571428571427,0.39285714285714285,1.0,0.6666666666666666,8,12
1703,0.6153846153846153,0.5846153846153845,0.6666666666666666,0.8333333333333333,1.0,0.4444444444444444,4,9
1704,0.8695652173913044,0.7942028985507247,0.4222222222222222,0.7111111111111111,1.0,0.7692307692307693,10,13
1705,0.6666666666666666,0.6133333333333333,0.4666666666666667,0.7333333333333334,1.0,0.5,6,12
1706,0.5882352941176471,0.5352941176470588,0.4,0.7,1.0,0.4166666666666667,5,12
1707,0.5882352941176471,0.5176470588235293,0.2,0.6,1.0,0.4166666666666667,5,12
1708,0.5555555555555556,0.4388888888888889,-0.4,0.3,1.0,0.38461538461538464,5,13
1709,0.5714285714285715,0.5257142857142858,0.4666666666666667,0.7333333333333334,1.0,0.4,6,15
1710,0.7368421052631579,0.6,-0.23809523809523808,0.38095238095238093,1.0,0.5833333333333334,7,12
1711,0.8333333333333333,0.7333333333333332,0.2,0.6,1.0,0.7142857142857143,10,14
1712,0.9411764705882353,0.9310924369747898,0.9285714285714286,0.9642857142857143,1.0,0.8888888888888888,8,9
1713,0.9166666666666666,0.8416666666666666,0.45454545454545453,0.7272727272727273,1.0,0.8461538461538461,11,13
1714,0.9,0.8025,0.2777777777777778,0.6388888888888888,0.8181818181818182,1.0,11,9
1715,0.888888888888889,0.7269841269841271,-0.21428571428571427,0.39285714285714285,1.0,0.8,8,10
1716,0.7368421052631579,0.5789473684210525,-0.42857142857142855,0.2857142857142857,1.0,0.5833333333333334,7,12
1717,0.6956521739130436,0.568944099378882,-0.21428571428571427,0.39285714285714285,1.0,0.5333333333333333,8,15
1718,0.8181818181818181,0.6886363636363635,-0.05555555555555555,0.4722222222222222,1.0,0.6923076923076923,9,13
1719,0.8571428571428571,0.7285714285714285,0.0,0.5,1.0,0.75,9,12
1720,0.7272727272727273,0.5714285714285714,-0.42857142857142855,0.2857142857142857,1.0,0.5714285714285714,8,14
1721,0.9565217391304348,0.8365217391304348,0.16363636363636364,0.5818181818181818,1.0,0.9166666666666666,11,12
1722,0.888888888888889,0.795959595959596,0.30303030303030304,0.6515151515151515,0.8,1.0,15,12
1723,0.8,0.7485714285714287,0.5714285714285714,0.7857142857142857,1.0,0.6666666666666666,8,12
1724,0.6666666666666666,0.6133333333333333,0.4666666666666667,0.7333333333333334,1.0,0.5,6,12
1725,0.6153846153846153,0.5758241758241758,0.5714285714285714,0.7857142857142857,1.0,0.4444444444444444,8,18
1726,0.5555555555555556,0.4888888888888889,0.2,0.6,1.0,0.38461538461538464,5,13
1727,0.8333333333333333,0.7277777777777776,0.15555555555555556,0.5777777777777777,1.0,0.7142857142857143,10,14
1728,0.631578947368421,0.5305263157894736,-0.06666666666666667,0.4666666666666667,1.0,0.46153846153846156,6,13
1729,0.5,0.425,0.0,0.5,1.0,0.3333333333333333,4,12
1730,0.9090909090909091,0.8181818181818181,0.3333333333333333,0.6666666666666666,0.8333333333333334,1.0,12,10
1731,0.7777777777777778,0.6111111111111112,-0.42857142857142855,0.2857142857142857,1.0,0.6363636363636364,7,11
1732,0.8181818181818181,0.7363636363636362,0.3333333333333333,0.6666666666666666,1.0,0.6923076923076923,9,13
1733,0.5882352941176471,0.4823529411764706,-0.2,0.4,1.0,0.4166666666666667,5,12
1734,0.5263157894736842,0.38421052631578945,-0.8,0.09999999999999998,1.0,0.35714285714285715,5,14
1735,0.8181818181818181,0.7227272727272727,0.2222222222222222,0.6111111111111112,1.0,0.6923076923076923,9,13
1736,0.631578947368421,0.5431578947368421,0.06666666666666667,0.5333333333333333,1.0,0.46153846153846156,6,13
1737,0.8571428571428571,0.7,-0.2222222222222222,0.3888888888888889,1.0,0.75,9,12
1738,0.9090909090909091,0.812121212121212,0.28888888888888886,0.6444444444444444,1.0,0.8333333333333334,10,12
1739,1.0,0.8999999999999999,0.3333333333333333,0.6666666666666666,1.0,1.0,6,6
1740,0.782608695652174,0.6652173913043479,0.0,0.5,1.0,0.6428571428571429,9,14
1742,0.6363636363636364,0.5181818181818182,-0.23809523809523808,0.38095238095238093,1.0,0.4666666666666667,7,15
1743,0.625,0.56875,0.4,0.7,1.0,0.45454545454545453,5,11
1744,0.8571428571428571,0.8285714285714284,0.7777777777777778,0.8888888888888888,1.0,0.75,9,12
1745,0.6666666666666666,0.48666666666666664,-0.8,0.09999999999999998,1.0,0.5,5,10
1746,0.5882352941176471,0.4470588235294118,-0.6,0.2,1.0,0.4166666666666667,5,12
1747,0.7368421052631579,0.6105263157894736,-0.14285714285714285,0.4285714285714286,1.0,0.5833333333333334,7,12
1748,0.625,0.475,-0.6,0.2,1.0,0.45454545454545453,5,11
1749,0.7000000000000001,0.59,-0.047619047619047616,0.47619047619047616,1.0,0.5384615384615384,7,13
1750,0.625,0.49374999999999997,-0.4,0.3,1.0,0.45454545454545453,5,11
1751,0.625,0.5125,-0.2,0.4,1.0,0.45454545454545453,5,11
1752,0.9285714285714286,0.7892857142857143,0.0,0.5,0.8666666666666667,1.0,15,13
1753,0.9473684210526316,0.8368421052631579,0.2222222222222222,0.6111111111111112,0.9,1.0,10,9
1754,0.782608695652174,0.6521739130434783,-0.1111111111111111,0.4444444444444444,1.0,0.6428571428571429,9,14
1755,0.7368421052631579,0.5684210526315788,-0.5238095238095238,0.23809523809523808,1.0,0.5833333333333334,7,12
1756,0.5882352941176471,0.46470588235294114,-0.4,0.3,1.0,0.4166666666666667,5,12
1757,0.8181818181818181,0.7227272727272727,0.2222222222222222,0.6111111111111112,1.0,0.6923076923076923,9,13
1758,0.5882352941176471,0.5176470588235293,0.2,0.6,1.0,0.4166666666666667,5,12
1759,0.923076923076923,0.8181818181818181,0.24242424242424243,0.6212121212121212,1.0,0.8571428571428571,12,14
1760,0.631578947368421,0.5557894736842104,0.2,0.6,1.0,0.46153846153846156,6,13
1761,0.6666666666666666,0.5999999999999999,0.3333333333333333,0.6666666666666666,1.0,0.5,6,12
1762,0.5882352941176471,0.5,0.0,0.5,1.0,0.4166666666666667,5,12
1763,0.782608695652174,0.6847826086956522,0.16666666666666666,0.5833333333333334,1.0,0.6428571428571429,9,14
1764,0.7368421052631579,0.5684210526315788,-0.5238095238095238,0.23809523809523808,1.0,0.5833333333333334,7,12
1765,0.5,0.41,-0.2,0.4,1.0,0.3333333333333333,5,15
1767,0.7692307692307693,0.6769230769230768,0.2,0.6,1.0,0.625,5,8
1768,0.6363636363636364,0.5636363636363636,0.23809523809523808,0.6190476190476191,1.0,0.4666666666666667,7,15
1769,0.888888888888889,0.7841269841269841,0.21428571428571427,0.6071428571428571,0.8,1.0,10,8
1770,0.9473684210526316,0.8526315789473684,0.3333333333333333,0.6666666666666666,0.9,1.0,10,9
1771,0.7272727272727273,0.6415584415584416,0.21428571428571427,0.6071428571428571,1.0,0.5714285714285714,8,14
1772,0.9090909090909091,0.7393939393939393,-0.24444444444444444,0.37777777777777777,1.0,0.8333333333333334,10,12
1774,0.8695652173913044,0.7536231884057971,0.1111111111111111,0.5555555555555556,1.0,0.7692307692307693,10,13
1775,0.5555555555555556,0.45555555555555555,-0.2,0.4,1.0,0.38461538461538464,5,13
1776,0.7142857142857143,0.6499999999999999,0.4,0.7,1.0,0.5555555555555556,5,9
1777,0.923076923076923,0.7762237762237761,-0.06060606060606061,0.4696969696969697,0.8571428571428571,1.0,14,12
1778,0.6666666666666666,0.5999999999999999,0.3333333333333333,0.6666666666666666,1.0,0.5,7,14
1779,0.962962962962963,0.8444444444444444,0.1794871794871795,0.5897435897435898,1.0,0.9285714285714286,13,14
1780,0.9285714285714286,0.7999999999999999,0.07692307692307693,0.5384615384615384,1.0,0.8666666666666667,13,15
1782,0.8148148148148148,0.7392592592592592,0.38181818181818183,0.6909090909090909,1.0,0.6875,11,16
1784,0.6,0.504,-0.06666666666666667,0.4666666666666667,1.0,0.42857142857142855,6,14
1785,0.7272727272727273,0.6805194805194805,0.5714285714285714,0.7857142857142857,1.0,0.5714285714285714,8,14
1786,0.5882352941176471,0.5176470588235293,0.2,0.6,1.0,0.4166666666666667,5,12
1787,0.761904761904762,0.6965986394557824,0.42857142857142855,0.7142857142857143,1.0,0.6153846153846154,8,13
1788,0.6666666666666666,0.5599999999999999,-0.06666666666666667,0.4666666666666667,1.0,0.5,6,12
1789,0.761904761904762,0.6802721088435374,0.2857142857142857,0.6428571428571428,1.0,0.6153846153846154,8,13
1790,0.8571428571428571,0.6928571428571427,-0.2777777777777778,0.3611111111111111,1.0,0.75,9,12
1791,0.9565217391304348,0.8208695652173913,0.05454545454545454,0.5272727272727272,1.0,0.9166666666666666,11,12
1792,0.631578947368421,0.5431578947368421,0.06666666666666667,0.5333333333333333,1.0,0.46153846153846156,6,13
1793,0.7368421052631579,0.631578947368421,0.047619047619047616,0.5238095238095238,1.0,0.5833333333333334,7,12
1794,0.5,0.44999999999999996,0.3333333333333333,0.6666666666666666,1.0,0.3333333333333333,4,12
1796,0.761904761904762,0.7210884353741497,0.6428571428571429,0.8214285714285714,1.0,0.6153846153846154,8,13
1798,0.6363636363636364,0.5272727272727272,-0.14285714285714285,0.4285714285714286,1.0,0.4666666666666667,7,15
1799,0.6666666666666666,0.5428571428571428,-0.23809523809523808,0.38095238095238093,1.0,0.5,7,14
1800,0.7692307692307693,0.6076923076923076,-0.4,0.3,1.0,0.625,5,8
1801,0.6,0.564,0.6,0.8,1.0,0.42857142857142855,6,14
1803,0.5,0.44999999999999996,0.3333333333333333,0.6666666666666666,1.0,0.3333333333333333,4,12
1804,0.5714285714285715,0.5142857142857143,0.3333333333333333,0.6666666666666666,1.0,0.4,6,15
1806,0.7000000000000001,0.59,-0.047619047619047616,0.47619047619047616,1.0,0.5384615384615384,7,13
1809,0.5882352941176471,0.5176470588235293,0.2,0.6,1.0,0.4166666666666667,5,12
1810,0.6,0.45599999999999996,-0.6,0.2,1.0,0.42857142857142855,6,14
1812,0.6666666666666666,0.6133333333333333,0.4666666666666667,0.7333333333333334,1.0,0.5,6,12
1814,0.5882352941176471,0.4823529411764706,-0.2,0.4,1.0,0.4166666666666667,5,12
1815,0.6666666666666666,0.5142857142857142,-0.5238095238095238,0.23809523809523808,1.0,0.5,7,14
1816,0.7368421052631579,0.6421052631578946,0.14285714285714285,0.5714285714285714,1.0,0.5833333333333334,7,12
1817,0.782608695652174,0.6326086956521738,-0.2777777777777778,0.3611111111111111,1.0,0.6428571428571429,9,14
1818,0.8695652173913044,0.7768115942028986,0.28888888888888886,0.6444444444444444,1.0,0.7692307692307693,10,13
1820,0.8,0.7485714285714287,0.5714285714285714,0.7857142857142857,1.0,0.6666666666666666,8,12
1821,0.6,0.516,0.06666666666666667,0.5333333333333333,1.0,0.42857142857142855,6,14
1822,0.631578947368421,0.5178947368421052,-0.2,0.4,1.0,0.46153846153846156,6,13
1823,0.7000000000000001,0.6799999999999999,0.8095238095238095,0.9047619047619048,1.0,0.5384615384615384,7,13
1824,0.5882352941176471,0.5352941176470588,0.4,0.7,1.0,0.4166666666666667,5,12
1825,0.8750000000000001,0.7125000000000001,-0.23809523809523808,0.38095238095238093,1.0,0.7777777777777778,7,9
1826,0.7499999999999999,0.6499999999999998,0.1111111111111111,0.5555555555555556,1.0,0.6,9,15
1827,0.6666666666666666,0.5599999999999999,-0.06666666666666667,0.4666666666666667,1.0,0.5,6,12
1828,0.761904761904762,0.6884353741496598,0.35714285714285715,0.6785714285714286,1.0,0.6153846153846154,8,13
1829,0.6,0.4679999999999999,-0.4666666666666667,0.26666666666666666,1.0,0.42857142857142855,6,14
1830,0.631578947368421,0.5810526315789473,0.4666666666666667,0.7333333333333334,1.0,0.46153846153846156,6,13
1832,0.9473684210526316,0.7894736842105263,-0.1111111111111111,0.4444444444444444,0.9,1.0,10,9
1833,0.8571428571428571,0.7857142857142856,0.4444444444444444,0.7222222222222222,1.0,0.75,9,12
1834,0.6666666666666666,0.5428571428571428,-0.23809523809523808,0.38095238095238093,1.0,0.5,7,14
1835,0.6666666666666666,0.5199999999999999,-0.4666666666666667,0.26666666666666666,1.0,0.5,6,12
1836,0.923076923076923,0.7762237762237761,-0.06060606060606061,0.4696969696969697,0.8571428571428571,1.0,14,12
1837,0.6,0.516,0.06666666666666667,0.5333333333333333,1.0,0.42857142857142855,6,14
1838,0.7000000000000001,0.63,0.3333333333333333,0.6666666666666666,1.0,0.5384615384615384,7,13
1839,0.7368421052631579,0.6210526315789473,-0.047619047619047616,0.47619047619047616,1.0,0.5833333333333334,7,12
1840,1.0,0.9045454545454545,0.36363636363636365,0.6818181818181819,1.0,1.0,12,12
1841,0.7142857142857143,0.6071428571428571,0.0,0.5,1.0,0.5555555555555556,5,9
1842,0.761904761904762,0.7129251700680272,0.5714285714285714,0.7857142857142857,1.0,0.6153846153846154,8,13
1844,0.631578947368421,0.5305263157894736,-0.06666666666666667,0.4666666666666667,1.0,0.46153846153846156,6,13
1845,0.6666666666666666,0.5866666666666666,0.2,0.6,1.0,0.5,6,12
1846,0.6,0.49199999999999994,-0.2,0.4,1.0,0.42857142857142855,6,14
1848,0.625,0.49374999999999997,-0.4,0.3,1.0,0.45454545454545453,5,11
1849,0.8,0.6628571428571428,-0.14285714285714285,0.4285714285714286,1.0,0.6666666666666666,8,12
1850,0.5263157894736842,0.4157894736842105,-0.4,0.3,1.0,0.35714285714285715,5,14
1852,0.7368421052631579,0.631578947368421,0.047619047619047616,0.5238095238095238,1.0,0.5833333333333334,7,12
1853,0.6956521739130436,0.5614906832298137,-0.2857142857142857,0.35714285714285715,0.5333333333333333,1.0,15,8
1855,0.888888888888889,0.7555555555555555,0.0,0.5,1.0,0.8,8,10
1856,0.923076923076923,0.8055944055944055,0.15151515151515152,0.5757575757575758,1.0,0.8571428571428571,12,14
1857,0.9166666666666666,0.7716666666666666,-0.05454545454545454,0.4727272727272727,1.0,0.8461538461538461,11,13
1859,0.7272727272727273,0.6493506493506493,0.2857142857142857,0.6428571428571428,1.0,0.5714285714285714,8,14
1860,0.6666666666666666,0.619047619047619,0.5238095238095238,0.7619047619047619,1.0,0.5,7,14
1861,0.8695652173913044,0.782608695652174,0.3333333333333333,0.6666666666666666,1.0,0.7692307692307693,10,13
1862,0.5555555555555556,0.5222222222222223,0.6,0.8,1.0,0.38461538461538464,5,13
1863,0.8695652173913044,0.7536231884057971,0.1111111111111111,0.5555555555555556,1.0,0.7692307692307693,10,13
1864,0.5882352941176471,0.4823529411764706,-0.2,0.4,1.0,0.4166666666666667,5,12
1865,0.7000000000000001,0.64,0.42857142857142855,0.7142857142857143,1.0,0.5384615384615384,7,13
1866,0.5882352941176471,0.5176470588235293,0.2,0.6,1.0,0.4166666666666667,5,12
1867,0.962962962962963,0.8666666666666666,0.3333333333333333,0.6666666666666666,1.0,0.9285714285714286,13,14
1868,0.6666666666666666,0.6133333333333333,0.4666666666666667,0.7333333333333334,1.0,0.5,6,12
1869,0.6666666666666666,0.6266666666666666,0.6,0.8,1.0,0.5,5,10
1870,0.782608695652174,0.6195652173913043,-0.3888888888888889,0.3055555555555556,1.0,0.6428571428571429,9,14
1871,0.8571428571428571,0.75,0.16666666666666666,0.5833333333333334,1.0,0.75,9,12
1872,0.5882352941176471,0.5,0.0,0.5,1.0,0.4166666666666667,5,12
1873,0.9090909090909091,0.7878787878787877,0.1111111111111111,0.5555555555555556,1.0,0.8333333333333334,10,12
1874,0.761904761904762,0.7047619047619048,0.5,0.75,1.0,0.6153846153846154,8,13
1875,0.8571428571428571,0.7071428571428571,-0.16666666666666666,0.4166666666666667,1.0,0.75,9,12
1876,0.9655172413793104,0.8381962864721485,0.12087912087912088,0.5604395604395604,0.9333333333333333,1.0,15,14
1877,0.9090909090909091,0.7878787878787877,0.1111111111111111,0.5555555555555556,1.0,0.8333333333333334,10,12
1878,0.761904761904762,0.6884353741496598,0.35714285714285715,0.6785714285714286,1.0,0.6153846153846154,8,13
1879,0.47058823529411764,0.39999999999999997,0.0,0.5,1.0,0.3076923076923077,4,13
1880,0.625,0.5125,-0.2,0.4,1.0,0.45454545454545453,5,11
1881,0.7000000000000001,0.5700000000000001,-0.23809523809523808,0.38095238095238093,1.0,0.5384615384615384,7,13
1882,0.7272727272727273,0.6415584415584416,0.21428571428571427,0.6071428571428571,1.0,0.5714285714285714,8,14
1883,0.5263157894736842,0.46315789473684205,0.2,0.6,1.0,0.35714285714285715,5,14
1884,0.7368421052631579,0.6,-0.23809523809523808,0.38095238095238093,1.0,0.5833333333333334,7,12
1885,0.8571428571428571,0.6514285714285714,-0.6,0.2,1.0,0.75,6,8
1886,0.6666666666666666,0.5333333333333332,-0.3333333333333333,0.33333333333333337,1.0,0.5,7,14
1888,0.7368421052631579,0.5789473684210525,-0.42857142857142855,0.2857142857142857,1.0,0.5833333333333334,7,12
1889,0.7272727272727273,0.6493506493506493,0.2857142857142857,0.6428571428571428,1.0,0.5714285714285714,8,14
1890,0.5555555555555556,0.5222222222222223,0.6,0.8,1.0,0.38461538461538464,5,13
1891,0.7368421052631579,0.6421052631578946,0.14285714285714285,0.5714285714285714,1.0,0.5833333333333334,7,12
1892,0.6666666666666666,0.5466666666666666,-0.2,0.4,1.0,0.5,6,12
1893,0.7272727272727273,0.6337662337662338,0.14285714285714285,0.5714285714285714,1.0,0.5714285714285714,8,14
1895,0.8333333333333333,0.7333333333333332,0.2,0.6,1.0,0.7142857142857143,5,7
1896,0.5,0.475,0.6666666666666666,0.8333333333333333,1.0,0.3333333333333333,4,12
1897,0.5,0.44999999999999996,0.3333333333333333,0.6666666666666666,1.0,0.3333333333333333,6,18
1898,0.9090909090909091,0.7636363636363636,-0.06666666666666667,0.4666666666666667,1.0,0.8333333333333334,10,12
1899,0.6956521739130436,0.6434782608695653,0.5,0.75,1.0,0.5333333333333333,8,15
1901,0.7368421052631579,0.6421052631578946,0.14285714285714285,0.5714285714285714,1.0,0.5833333333333334,7,12
1903,0.631578947368421,0.5052631578947367,-0.3333333333333333,0.33333333333333337,1.0,0.46153846153846156,6,13
1904,0.8333333333333333,0.7166666666666666,0.06666666666666667,0.5333333333333333,1.0,0.7142857142857143,10,14
1905,0.6,0.5279999999999999,0.2,0.6,1.0,0.42857142857142855,6,14
1906,1.0,0.8363636363636363,-0.09090909090909091,0.45454545454545453,1.0,1.0,11,11
1907,0.6666666666666666,0.6023809523809522,0.35714285714285715,0.6785714285714286,1.0,0.5,8,16
1908,0.9333333333333333,0.84,0.3333333333333333,0.6666666666666666,1.0,0.875,7,8
1909,0.631578947368421,0.5305263157894736,-0.06666666666666667,0.4666666666666667,1.0,0.46153846153846156,6,13
1910,1.0,0.8254545454545454,-0.16363636363636364,0.4181818181818182,1.0,1.0,11,11
1911,0.5,0.425,0.0,0.5,1.0,0.3333333333333333,5,15
1912,0.9565217391304348,0.8417391304347825,0.2,0.6,1.0,0.9166666666666666,11,12
1913,0.8333333333333333,0.7777777777777777,0.5555555555555556,0.7777777777777778,1.0,0.7142857142857143,10,14
1915,0.8275862068965517,0.7448275862068965,0.3333333333333333,0.6666666666666666,0.7058823529411765,1.0,17,12
1916,0.7368421052631579,0.631578947368421,0.047619047619047616,0.5238095238095238,1.0,0.5833333333333334,7,12
1917,0.8571428571428571,0.7,-0.2222222222222222,0.3888888888888889,1.0,0.75,9,12
1918,0.6666666666666666,0.6266666666666666,0.6,0.8,1.0,0.5,6,12
1919,0.8,0.672,-0.06666666666666667,0.4666666666666667,1.0,0.6666666666666666,6,9
1920,0.5882352941176471,0.5176470588235293,0.2,0.6,1.0,0.4166666666666667,5,12
1921,0.9523809523809523,0.8317460317460317,0.15555555555555556,0.5777777777777777,1.0,0.9090909090909091,10,11
1922,0.7499999999999999,0.6624999999999999,0.2222222222222222,0.6111111111111112,1.0,0.6,9,15
1923,0.7368421052631579,0.631578947368421,0.047619047619047616,0.5238095238095238,1.0,0.5833333333333334,7,12
1924,0.5882352941176471,0.5352941176470588,0.4,0.7,1.0,0.4166666666666667,5,12
1925,0.5882352941176471,0.5352941176470588,0.4,0.7,1.0,0.4166666666666667,5,12
1926,0.7368421052631579,0.6210526315789473,-0.047619047619047616,0.47619047619047616,1.0,0.5833333333333334,7,12
1929,0.782608695652174,0.7695652173913043,0.8888888888888888,0.9444444444444444,1.0,0.6428571428571429,9,14
1930,0.7368421052631579,0.6210526315789473,-0.047619047619047616,0.47619047619047616,1.0,0.5833333333333334,7,12
1931,0.8,0.6971428571428571,0.14285714285714285,0.5714285714285714,1.0,0.6666666666666666,8,12
1932,0.8695652173913044,0.7942028985507247,0.4222222222222222,0.7111111111111111,1.0,0.7692307692307693,10,13
1933,0.8,0.7142857142857143,0.2857142857142857,0.6428571428571428,1.0,0.6666666666666666,8,12
1935,0.6666666666666666,0.5866666666666666,0.2,0.6,1.0,0.5,6,12
1937,0.7368421052631579,0.6631578947368421,0.3333333333333333,0.6666666666666666,1.0,0.5833333333333334,7,12
1938,0.8333333333333333,0.6833333333333332,-0.2,0.4,1.0,0.7142857142857143,10,14
1940,0.9600000000000001,0.8247272727272728,0.06060606060606061,0.5303030303030303,0.9230769230769231,1.0,13,12
1941,0.5882352941176471,0.5176470588235293,0.2,0.6,1.0,0.4166666666666667,5,12
1942,0.631578947368421,0.5052631578947367,-0.3333333333333333,0.33333333333333337,1.0,0.46153846153846156,6,13
1943,0.7368421052631579,0.5894736842105263,-0.3333333333333333,0.33333333333333337,1.0,0.5833333333333334,7,12
1944,0.5882352941176471,0.5352941176470588,0.4,0.7,1.0,0.4166666666666667,5,12
1945,0.7272727272727273,0.6545454545454545,0.3333333333333333,0.6666666666666666,1.0,0.5714285714285714,4,7
1946,0.7368421052631579,0.5894736842105263,-0.3333333333333333,0.33333333333333337,1.0,0.5833333333333334,7,12
1948,0.7368421052631579,0.6,-0.23809523809523808,0.38095238095238093,1.0,0.5833333333333334,7,12
1949,0.5882352941176471,0.5529411764705883,0.6,0.8,1.0,0.4166666666666667,5,12
1950,1.0,0.9266666666666666,0.5111111111111111,0.7555555555555555,1.0,1.0,10,10
1951,0.7272727272727273,0.6415584415584416,0.21428571428571427,0.6071428571428571,1.0,0.5714285714285714,8,14
1952,0.5,0.425,0.0,0.5,1.0,0.3333333333333333,4,12
1953,0.7272727272727273,0.6649350649350649,0.42857142857142855,0.7142857142857143,1.0,0.5714285714285714,8,14
1954,0.8750000000000001,0.7250000000000001,-0.14285714285714285,0.4285714285714286,1.0,0.7777777777777778,7,9
1955,0.8235294117647058,0.776470588235294,0.6190476190476191,0.8095238095238095,0.7,1.0,10,7
1956,0.5882352941176471,0.46470588235294114,-0.4,0.3,1.0,0.4166666666666667,5,12
1957,0.5,0.425,0.0,0.5,1.0,0.3333333333333333,4,12
1958,0.631578947368421,0.5810526315789473,0.4666666666666667,0.7333333333333334,1.0,0.46153846153846156,6,13
1959,0.9166666666666666,0.8316666666666666,0.38181818181818183,0.6909090909090909,1.0,0.8461538461538461,11,13
1960,1.0,0.9227272727272726,0.48484848484848486,0.7424242424242424,1.0,1.0,12,12
1962,0.6666666666666666,0.5199999999999999,-0.4666666666666667,0.26666666666666666,1.0,0.5,6,12
1963,0.9090909090909091,0.8181818181818181,0.3333333333333333,0.6666666666666666,1.0,0.8333333333333334,10,12
1964,0.7499999999999999,0.6437499999999998,0.05555555555555555,0.5277777777777778,1.0,0.6,9,15
1965,0.6666666666666666,0.5666666666666667,0.0,0.5,0.5,1.0,26,13
1966,0.8235294117647058,0.7058823529411764,0.047619047619047616,0.5238095238095238,1.0,0.7,7,10
1967,0.8695652173913044,0.7130434782608696,-0.2,0.4,1.0,0.7692307692307693,10,13
1968,0.782608695652174,0.6260869565217391,-0.3333333333333333,0.33333333333333337,1.0,0.6428571428571429,9,14
1969,0.7272727272727273,0.625974025974026,0.07142857142857142,0.5357142857142857,1.0,0.5714285714285714,8,14
1970,0.6666666666666666,0.5666666666666667,0.0,0.5,1.0,0.5,5,10
1971,0.4,0.32,-0.3333333333333333,0.33333333333333337,1.0,0.25,3,12
1972,0.5555555555555556,0.45555555555555555,-0.2,0.4,1.0,0.38461538461538464,5,13
1973,0.8333333333333333,0.711111111111111,0.022222222222222223,0.5111111111111111,1.0,0.7142857142857143,10,14
1974,0.6666666666666666,0.5066666666666666,-0.6,0.2,1.0,0.5,6,12
1975,0.8,0.7571428571428571,0.6428571428571429,0.8214285714285714,1.0,0.6666666666666666,8,12
1976,0.6666666666666666,0.5666666666666667,0.0,0.5,1.0,0.5,5,10
1977,0.7000000000000001,0.59,-0.047619047619047616,0.47619047619047616,1.0,0.5384615384615384,7,13
1978,0.761904761904762,0.6149659863945578,-0.2857142857142857,0.35714285714285715,1.0,0.6153846153846154,8,13
1979,0.8,0.6457142857142857,-0.2857142857142857,0.35714285714285715,1.0,0.6666666666666666,8,12
1980,0.9600000000000001,0.8116363636363637,-0.030303030303030304,0.48484848484848486,1.0,0.9230769230769231,12,13
1981,0.9166666666666666,0.8216666666666665,0.3090909090909091,0.6545454545454545,1.0,0.8461538461538461,11,13
1982,0.8695652173913044,0.718840579710145,-0.15555555555555556,0.4222222222222222,1.0,0.7692307692307693,10,13
1985,1.0,0.8727272727272727,0.15151515151515152,0.5757575757575758,1.0,1.0,12,12
1986,0.6666666666666666,0.5619047619047618,-0.047619047619047616,0.47619047619047616,1.0,0.5,7,14
1987,0.7368421052631579,0.6526315789473683,0.23809523809523808,0.6190476190476191,1.0,0.5833333333333334,7,12
1988,0.782608695652174,0.7043478260869565,0.3333333333333333,0.6666666666666666,1.0,0.6428571428571429,9,14
1989,0.8,0.7057142857142857,0.21428571428571427,0.6071428571428571,1.0,0.6666666666666666,8,12
1990,0.6153846153846153,0.5538461538461538,0.3333333333333333,0.6666666666666666,1.0,0.4444444444444444,4,9
1991,0.9565217391304348,0.857391304347826,0.3090909090909091,0.6545454545454545,1.0,0.9166666666666666,11,12
1992,0.5882352941176471,0.5529411764705883,0.6,0.8,1.0,0.4166666666666667,5,12
1993,0.8181818181818181,0.6681818181818181,-0.2222222222222222,0.3888888888888889,1.0,0.6923076923076923,9,13
1994,0.5714285714285715,0.4914285714285715,0.06666666666666667,0.5333333333333333,1.0,0.4,6,15
1995,0.6666666666666666,0.5952380952380951,0.2857142857142857,0.6428571428571428,1.0,0.5,8,16
1996,0.7368421052631579,0.631578947368421,0.047619047619047616,0.5238095238095238,1.0,0.5833333333333334,7,12
1997,0.7000000000000001,0.6,0.047619047619047616,0.5238095238095238,1.0,0.5384615384615384,7,13
1998,0.7272727272727273,0.6103896103896104,-0.07142857142857142,0.4642857142857143,1.0,0.5714285714285714,8,14
1999,0.9090909090909091,0.8484848484848485,0.5555555555555556,0.7777777777777778,1.0,0.8333333333333334,10,12
2000,0.8181818181818181,0.6204545454545454,-0.6111111111111112,0.19444444444444442,1.0,0.6923076923076923,9,13
2001,0.9166666666666666,0.7266666666666667,-0.38181818181818183,0.3090909090909091,1.0,0.8461538461538461,11,13
2002,0.5714285714285715,0.4571428571428572,-0.3333333333333333,0.33333333333333337,1.0,0.4,6,15
2003,0.5,0.39999999999999997,-0.3333333333333333,0.33333333333333337,1.0,0.3333333333333333,4,12
2004,0.5882352941176471,0.4823529411764706,-0.2,0.4,1.0,0.4166666666666667,5,12
2005,0.5714285714285715,0.4914285714285715,0.06666666666666667,0.5333333333333333,1.0,0.4,6,15
2006,0.9565217391304348,0.8417391304347825,0.2,0.6,1.0,0.9166666666666666,11,12
2007,0.8181818181818181,0.7636363636363636,0.5555555555555556,0.7777777777777778,1.0,0.6923076923076923,9,13
2008,0.7499999999999999,0.6562499999999999,0.16666666666666666,0.5833333333333334,1.0,0.6,9,15
2009,0.8181818181818181,0.7227272727272727,0.2222222222222222,0.6111111111111112,1.0,0.6923076923076923,9,13
2010,0.7499999999999999,0.6449999999999999,0.06666666666666667,0.5333333333333333,1.0,0.6,6,10
2011,0.7272727272727273,0.6727272727272727,0.5,0.75,1.0,0.5714285714285714,8,14
2012,0.8,0.6714285714285714,-0.07142857142857142,0.4642857142857143,1.0,0.6666666666666666,8,12
2013,0.7272727272727273,0.6415584415584416,0.21428571428571427,0.6071428571428571,1.0,0.5714285714285714,8,14
2014,0.9333333333333333,0.801025641025641,0.054945054945054944,0.5274725274725275,0.875,1.0,16,14
2015,0.5882352941176471,0.5705882352941176,0.8,0.9,1.0,0.4166666666666667,5,12
2016,0.6399999999999999,0.5851428571428571,0.42857142857142855,0.7142857142857143,1.0,0.47058823529411764,8,17
2017,0.7272727272727273,0.6103896103896104,-0.07142857142857142,0.4642857142857143,1.0,0.5714285714285714,8,14
2020,0.6666666666666666,0.5666666666666667,0.0,0.5,1.0,0.5,8,16
2021,0.8181818181818181,0.6954545454545454,0.0,0.5,1.0,0.6923076923076923,9,13
2022,0.7272727272727273,0.6649350649350649,0.42857142857142855,0.7142857142857143,1.0,0.5714285714285714,8,14
2024,0.7272727272727273,0.6337662337662338,0.14285714285714285,0.5714285714285714,1.0,0.5714285714285714,8,14
2026,0.5882352941176471,0.5,0.0,0.5,1.0,0.4166666666666667,5,12
2027,0.6,0.516,0.06666666666666667,0.5333333333333333,1.0,0.42857142857142855,6,14
2028,0.8,0.7057142857142857,0.21428571428571427,0.6071428571428571,1.0,0.6666666666666666,8,12
2029,0.5882352941176471,0.4823529411764706,-0.2,0.4,1.0,0.4166666666666667,5,12
2032,0.9090909090909091,0.7454545454545454,-0.2,0.4,1.0,0.8333333333333334,10,12
2033,0.9333333333333333,0.8287179487179487,0.25274725274725274,0.6263736263736264,1.0,0.875,14,16
2034,0.5882352941176471,0.46470588235294114,-0.4,0.3,1.0,0.4166666666666667,5,12
2035,0.6666666666666666,0.5944444444444443,0.2777777777777778,0.6388888888888888,1.0,0.5,9,18
2037,0.7000000000000001,0.61,0.14285714285714285,0.5714285714285714,1.0,0.5384615384615384,7,13
2038,0.631578947368421,0.5684210526315788,0.3333333333333333,0.6666666666666666,1.0,0.46153846153846156,6,13
2039,0.8333333333333333,0.7,-0.06666666666666667,0.4666666666666667,1.0,0.7142857142857143,10,14
2041,1.0,0.8533333333333333,0.022222222222222223,0.5111111111111111,1.0,1.0,10,10
2042,0.8571428571428571,0.7642857142857142,0.2777777777777778,0.6388888888888888,1.0,0.75,9,12
2043,0.6666666666666666,0.5066666666666666,-0.6,0.2,1.0,0.5,6,12
2044,0.5714285714285715,0.5028571428571429,0.2,0.6,1.0,0.4,6,15
2045,0.7000000000000001,0.64,0.42857142857142855,0.7142857142857143,1.0,0.5384615384615384,7,13
2046,1.0,0.8863636363636364,0.24242424242424243,0.6212121212121212,1.0,1.0,12,12
2047,0.9090909090909091,0.812121212121212,0.28888888888888886,0.6444444444444444,1.0,0.8333333333333334,10,12
2049,0.72,0.564,-0.4444444444444444,0.2777777777777778,1.0,0.5625,9,16
2050,0.8571428571428571,0.7642857142857142,0.2777777777777778,0.6388888888888888,1.0,0.75,9,12
2051,0.6363636363636364,0.5636363636363636,0.23809523809523808,0.6190476190476191,1.0,0.4666666666666667,7,15
2052,0.8181818181818181,0.7295454545454545,0.2777777777777778,0.6388888888888888,1.0,0.6923076923076923,9,13
2053,0.8235294117647058,0.6470588235294117,-0.42857142857142855,0.2857142857142857,1.0,0.7,7,10
2054,0.5263157894736842,0.46315789473684205,0.2,0.6,1.0,0.35714285714285715,5,14
2056,0.6363636363636364,0.5454545454545454,0.047619047619047616,0.5238095238095238,1.0,0.4666666666666667,7,15
2057,0.8,0.7057142857142857,0.21428571428571427,0.6071428571428571,1.0,0.6666666666666666,8,12
2058,0.8181818181818181,0.6613636363636363,-0.2777777777777778,0.3611111111111111,1.0,0.6923076923076923,9,13
2059,0.7000000000000001,0.59,-0.047619047619047616,0.47619047619047616,1.0,0.5384615384615384,7,13
2060,0.8333333333333333,0.6555555555555554,-0.4222222222222222,0.28888888888888886,1.0,0.7142857142857143,10,14
2061,1.0,0.8272727272727272,-0.15151515151515152,0.42424242424242425,1.0,1.0,12,12
2062,0.7272727272727273,0.6025974025974026,-0.14285714285714285,0.4285714285714286,1.0,0.5714285714285714,8,14
2064,0.7368421052631579,0.631578947368421,0.047619047619047616,0.5238095238095238,1.0,0.5833333333333334,7,12
2065,0.7000000000000001,0.61,0.14285714285714285,0.5714285714285714,1.0,0.5384615384615384,7,13
2066,0.6666666666666666,0.5619047619047618,-0.047619047619047616,0.47619047619047616,1.0,0.5,7,14
2067,0.7272727272727273,0.6571428571428571,0.35714285714285715,0.6785714285714286,1.0,0.5714285714285714,8,14
2069,0.6666666666666666,0.6095238095238095,0.42857142857142855,0.7142857142857143,1.0,0.5,7,14
2071,0.782608695652174,0.7108695652173912,0.3888888888888889,0.6944444444444444,1.0,0.6428571428571429,9,14
2072,0.6666666666666666,0.5714285714285714,0.047619047619047616,0.5238095238095238,1.0,0.5,7,14
2073,0.8,0.7142857142857143,0.2857142857142857,0.6428571428571428,1.0,0.6666666666666666,8,12
2074,0.631578947368421,0.49263157894736836,-0.4666666666666667,0.26666666666666666,1.0,0.46153846153846156,6,13
2076,0.8571428571428571,0.6928571428571427,-0.2777777777777778,0.3611111111111111,1.0,0.75,9,12
2078,0.5,0.5,1.0,1.0,1.0,0.3333333333333333,4,12
2079,0.8,0.7142857142857143,0.2857142857142857,0.6428571428571428,1.0,0.6666666666666666,8,12
2080,0.8181818181818181,0.7159090909090908,0.16666666666666666,0.5833333333333334,1.0,0.6923076923076923,9,13
2082,0.8333333333333333,0.7555555555555554,0.37777777777777777,0.6888888888888889,1.0,0.7142857142857143,10,14
2083,0.7000000000000001,0.61,0.14285714285714285,0.5714285714285714,1.0,0.5384615384615384,7,13
2084,0.6666666666666666,0.6095238095238095,0.42857142857142855,0.7142857142857143,1.0,0.5,8,16
2085,0.8181818181818181,0.6886363636363635,-0.05555555555555555,0.4722222222222222,1.0,0.6923076923076923,9,13
2086,0.6666666666666666,0.5199999999999999,-0.4666666666666667,0.26666666666666666,1.0,0.5,6,12
2087,0.8695652173913044,0.7536231884057971,0.1111111111111111,0.5555555555555556,1.0,0.7692307692307693,10,13
2088,0.7000000000000001,0.6,0.047619047619047616,0.5238095238095238,1.0,0.5384615384615384,7,13
2090,0.7000000000000001,0.67,0.7142857142857143,0.8571428571428572,1.0,0.5384615384615384,7,13
2092,0.6,0.516,0.06666666666666667,0.5333333333333333,1.0,0.42857142857142855,6,14
2093,0.5454545454545454,0.4472727272727272,-0.2,0.4,1.0,0.375,6,16
2094,0.8571428571428571,0.8142857142857142,0.6666666666666666,0.8333333333333333,1.0,0.75,9,12
2095,0.8,0.7093333333333334,0.24444444444444444,0.6222222222222222,1.0,0.6666666666666666,10,15
2096,0.6,0.5399999999999999,0.3333333333333333,0.6666666666666666,1.0,0.42857142857142855,6,14
2097,0.8666666666666666,0.7466666666666666,0.07692307692307693,0.5384615384615384,1.0,0.7647058823529411,13,17
2098,0.5882352941176471,0.4823529411764706,-0.2,0.4,1.0,0.4166666666666667,5,12
2099,0.8571428571428571,0.7071428571428571,-0.16666666666666666,0.4166666666666667,1.0,0.75,9,12
2100,0.8695652173913044,0.7246376811594203,-0.1111111111111111,0.4444444444444444,1.0,0.7692307692307693,10,13
2101,0.631578947368421,0.4547368421052631,-0.8666666666666667,0.06666666666666665,1.0,0.46153846153846156,6,13
2103,0.8,0.6666666666666666,-0.1111111111111111,0.4444444444444444,1.0,0.6666666666666666,10,15
2104,0.7000000000000001,0.61,0.14285714285714285,0.5714285714285714,1.0,0.5384615384615384,7,13
2105,0.6956521739130436,0.6285714285714286,0.35714285714285715,0.6785714285714286,1.0,0.5333333333333333,8,15
2106,0.782608695652174,0.7043478260869565,0.3333333333333333,0.6666666666666666,1.0,0.6428571428571429,9,14
2107,0.8181818181818181,0.6818181818181817,-0.1111111111111111,0.4444444444444444,1.0,0.6923076923076923,9,13
2108,0.8181818181818181,0.7363636363636362,0.3333333333333333,0.6666666666666666,1.0,0.6923076923076923,9,13
2109,0.5882352941176471,0.46470588235294114,-0.4,0.3,1.0,0.4166666666666667,5,12
2110,0.782608695652174,0.6717391304347826,0.05555555555555555,0.5277777777777778,1.0,0.6428571428571429,9,14
2111,0.7272727272727273,0.625974025974026,0.07142857142857142,0.5357142857142857,1.0,0.5714285714285714,8,14
2113,0.9600000000000001,0.8989090909090909,0.5757575757575758,0.7878787878787878,0.9230769230769231,1.0,13,12
2114,0.8823529411764706,0.7613445378151259,0.08571428571428572,0.5428571428571428,0.7894736842105263,1.0,19,15
2115,0.8333333333333333,0.7777777777777777,0.5555555555555556,0.7777777777777778,1.0,0.7142857142857143,10,14
2116,0.761904761904762,0.6476190476190476,0.0,0.5,1.0,0.6153846153846154,8,13
2117,0.761904761904762,0.6476190476190476,0.0,0.5,1.0,0.6153846153846154,8,13
2118,1.0,0.8772727272727272,0.18181818181818182,0.5909090909090909,1.0,1.0,12,12
2119,0.8181818181818181,0.709090909090909,0.1111111111111111,0.5555555555555556,1.0,0.6923076923076923,9,13
2120,0.72,0.612,0.0,0.5,1.0,0.5625,9,16
2121,0.5882352941176471,0.5176470588235293,0.2,0.6,1.0,0.4166666666666667,5,12
2122,0.761904761904762,0.6884353741496598,0.35714285714285715,0.6785714285714286,1.0,0.6153846153846154,8,13
2123,0.9166666666666666,0.7916666666666665,0.09090909090909091,0.5454545454545454,1.0,0.8461538461538461,11,13
2125,0.888888888888889,0.7757575757575758,0.15151515151515152,0.5757575757575758,0.8,1.0,15,12
2126,0.6363636363636364,0.5909090909090908,0.5238095238095238,0.7619047619047619,1.0,0.4666666666666667,7,15
2127,0.7741935483870968,0.7073313782991202,0.42424242424242425,0.7121212121212122,1.0,0.631578947368421,12,19
2128,0.9090909090909091,0.8242424242424242,0.37777777777777777,0.6888888888888889,1.0,0.8333333333333334,10,12
2129,0.7272727272727273,0.6805194805194805,0.5714285714285714,0.7857142857142857,1.0,0.5714285714285714,8,14
2130,0.8,0.6885714285714286,0.07142857142857142,0.5357142857142857,1.0,0.6666666666666666,8,12
2131,0.6666666666666666,0.5866666666666666,0.2,0.6,1.0,0.5,6,12
2132,0.6666666666666666,0.6399999999999999,0.7333333333333333,0.8666666666666667,1.0,0.5,6,12
2133,0.6363636363636364,0.5545454545454545,0.14285714285714285,0.5714285714285714,1.0,0.4666666666666667,7,15
2134,0.5555555555555556,0.4388888888888889,-0.4,0.3,1.0,0.38461538461538464,5,13
2136,0.6666666666666666,0.619047619047619,0.5238095238095238,0.7619047619047619,1.0,0.5,7,14
2137,0.8333333333333333,0.7388888888888888,0.24444444444444444,0.6222222222222222,1.0,0.7142857142857143,10,14
2138,0.88,0.7888,0.3090909090909091,0.6545454545454545,1.0,0.7857142857142857,11,14
2139,0.5882352941176471,0.4823529411764706,-0.2,0.4,1.0,0.4166666666666667,5,12
2140,0.7000000000000001,0.56,-0.3333333333333333,0.33333333333333337,1.0,0.5384615384615384,7,13
2141,0.6666666666666666,0.6666666666666666,1.0,1.0,1.0,0.5,4,8
2142,0.631578947368421,0.5557894736842104,0.2,0.6,1.0,0.46153846153846156,6,13
2143,0.6363636363636364,0.5363636363636363,-0.047619047619047616,0.47619047619047616,1.0,0.4666666666666667,7,15
2144,0.7499999999999999,0.6249999999999999,-0.1111111111111111,0.4444444444444444,1.0,0.6,9,15
2145,0.8571428571428571,0.7542857142857141,0.2,0.6,1.0,0.75,6,8
2146,0.9600000000000001,0.8378181818181818,0.15151515151515152,0.5757575757575758,0.9230769230769231,1.0,13,12
2147,0.9565217391304348,0.8365217391304348,0.16363636363636364,0.5818181818181818,1.0,0.9166666666666666,11,12
2148,0.8571428571428571,0.7428571428571428,0.1111111111111111,0.5555555555555556,1.0,0.75,9,12
2150,0.8571428571428571,0.7909090909090908,0.48484848484848486,0.7424242424242424,1.0,0.75,12,16
2151,0.8181818181818181,0.7772727272727272,0.6666666666666666,0.8333333333333333,1.0,0.6923076923076923,9,13
2152,0.7272727272727273,0.6337662337662338,0.14285714285714285,0.5714285714285714,1.0,0.5714285714285714,8,14
2153,0.6666666666666666,0.5428571428571428,-0.23809523809523808,0.38095238095238093,1.0,0.5,7,14
2154,0.7000000000000001,0.6,0.047619047619047616,0.5238095238095238,1.0,0.5384615384615384,7,13
2155,0.846153846153846,0.7030769230769229,-0.12727272727272726,0.4363636363636364,1.0,0.7333333333333333,11,15
2156,0.5882352941176471,0.46470588235294114,-0.4,0.3,1.0,0.4166666666666667,5,12
2157,0.5714285714285715,0.5485714285714286,0.7333333333333333,0.8666666666666667,1.0,0.4,6,15
2158,0.7272727272727273,0.6181818181818182,0.0,0.5,1.0,0.5714285714285714,8,14
2160,0.5,0.475,0.6666666666666666,0.8333333333333333,1.0,0.3333333333333333,4,12
2161,0.8695652173913044,0.7768115942028986,0.28888888888888886,0.6444444444444444,1.0,0.7692307692307693,10,13
2163,0.5454545454545454,0.42545454545454536,-0.4666666666666667,0.26666666666666666,1.0,0.375,6,16
2164,0.5,0.44999999999999996,0.3333333333333333,0.6666666666666666,1.0,0.3333333333333333,4,12
2166,0.6086956521739131,0.5826086956521739,0.7142857142857143,0.8571428571428572,1.0,0.4375,7,16
2167,0.5882352941176471,0.5705882352941176,0.8,0.9,1.0,0.4166666666666667,5,12
2168,0.6666666666666666,0.5809523809523809,0.14285714285714285,0.5714285714285714,1.0,0.5,7,14
2169,0.761904761904762,0.6802721088435374,0.2857142857142857,0.6428571428571428,1.0,0.6153846153846154,8,13
2170,0.7499999999999999,0.6812499999999998,0.3888888888888889,0.6944444444444444,1.0,0.6,9,15
2171,0.7368421052631579,0.6210526315789473,-0.047619047619047616,0.47619047619047616,1.0,0.5833333333333334,7,12
2173,0.8333333333333333,0.711111111111111,0.022222222222222223,0.5111111111111111,1.0,0.7142857142857143,10,14
2174,0.6666666666666666,0.5199999999999999,-0.4666666666666667,0.26666666666666666,1.0,0.5,6,12
2175,0.9333333333333333,0.8102564102564102,0.12087912087912088,0.5604395604395604,0.875,1.0,16,14
2177,0.8750000000000001,0.7884615384615384,0.34065934065934067,0.6703296703296704,1.0,0.7777777777777778,14,18
2178,0.6666666666666666,0.5866666666666666,0.2,0.6,1.0,0.5,6,12
2180,0.5555555555555556,0.5055555555555555,0.4,0.7,1.0,0.38461538461538464,5,13
2181,0.8571428571428571,0.7642857142857142,0.2777777777777778,0.6388888888888888,1.0,0.75,9,12
2182,0.6666666666666666,0.6095238095238095,0.42857142857142855,0.7142857142857143,1.0,0.5,7,14
2183,0.9090909090909091,0.8060606060606059,0.24444444444444444,0.6222222222222222,1.0,0.8333333333333334,10,12
2184,0.7692307692307693,0.6615384615384615,0.06666666666666667,0.5333333333333333,1.0,0.625,10,16
2186,0.8,0.7306666666666667,0.4222222222222222,0.7111111111111111,1.0,0.6666666666666666,10,15
2187,0.6,0.5279999999999999,0.2,0.6,1.0,0.42857142857142855,6,14
2188,0.9032258064516129,0.745409429280397,-0.16483516483516483,0.4175824175824176,0.8235294117647058,1.0,17,14
2189,0.761904761904762,0.6802721088435374,0.2857142857142857,0.6428571428571428,1.0,0.6153846153846154,8,13
2190,0.5882352941176471,0.4823529411764706,-0.2,0.4,1.0,0.4166666666666667,5,12
2191,0.7272727272727273,0.5792207792207792,-0.35714285714285715,0.3214285714285714,1.0,0.5714285714285714,8,14
2192,0.5882352941176471,0.5176470588235293,0.2,0.6,1.0,0.4166666666666667,5,12
2193,0.8571428571428571,0.7428571428571428,0.1111111111111111,0.5555555555555556,1.0,0.75,9,12
2194,0.9166666666666666,0.7966666666666665,0.12727272727272726,0.5636363636363636,1.0,0.8461538461538461,11,13
2195,0.8181818181818181,0.6613636363636363,-0.2777777777777778,0.3611111111111111,1.0,0.6923076923076923,9,13
2197,0.631578947368421,0.5305263157894736,-0.06666666666666667,0.4666666666666667,1.0,0.46153846153846156,6,13
2199,0.782608695652174,0.6456521739130435,-0.16666666666666666,0.4166666666666667,1.0,0.6428571428571429,9,14
2200,0.5882352941176471,0.4823529411764706,-0.2,0.4,1.0,0.4166666666666667,5,12
2201,0.8695652173913044,0.7942028985507247,0.4222222222222222,0.7111111111111111,1.0,0.7692307692307693,10,13
2202,0.5882352941176471,0.46470588235294114,-0.4,0.3,1.0,0.4166666666666667,5,12
2203,0.782608695652174,0.6652173913043479,0.0,0.5,1.0,0.6428571428571429,9,14
2204,0.5555555555555556,0.4722222222222222,0.0,0.5,1.0,0.38461538461538464,5,13
2206,0.6428571428571429,0.5732142857142857,0.2777777777777778,0.6388888888888888,1.0,0.47368421052631576,9,19
2208,0.7272727272727273,0.5714285714285714,-0.42857142857142855,0.2857142857142857,1.0,0.5714285714285714,8,14
2209,0.6956521739130436,0.5987577639751553,0.07142857142857142,0.5357142857142857,1.0,0.5333333333333333,8,15
2210,0.8333333333333333,0.7166666666666666,0.06666666666666667,0.5333333333333333,1.0,0.7142857142857143,10,14
2211,0.6666666666666666,0.5523809523809523,-0.14285714285714285,0.4285714285714286,1.0,0.5,7,14
2212,0.782608695652174,0.7369565217391305,0.6111111111111112,0.8055555555555556,1.0,0.6428571428571429,9,14
2213,0.8571428571428571,0.75,0.16666666666666666,0.5833333333333334,1.0,0.75,9,12
2214,0.6399999999999999,0.5714285714285713,0.2857142857142857,0.6428571428571428,1.0,0.47058823529411764,8,17
2215,0.7000000000000001,0.6799999999999999,0.8095238095238095,0.9047619047619048,1.0,0.5384615384615384,7,13
2216,0.631578947368421,0.5178947368421052,-0.2,0.4,1.0,0.46153846153846156,6,13
2218,0.6666666666666666,0.5904761904761904,0.23809523809523808,0.6190476190476191,1.0,0.5,7,14
2219,0.9655172413793104,0.8254641909814323,0.03296703296703297,0.5164835164835165,0.9333333333333333,1.0,15,14
2220,0.888888888888889,0.7191919191919193,-0.2727272727272727,0.36363636363636365,1.0,0.8,12,15
2221,0.9166666666666666,0.7716666666666666,-0.05454545454545454,0.4727272727272727,1.0,0.8461538461538461,11,13
2222,0.9166666666666666,0.7916666666666665,0.09090909090909091,0.5454545454545454,1.0,0.8461538461538461,11,13
2223,0.8333333333333333,0.7611111111111111,0.4222222222222222,0.7111111111111111,1.0,0.7142857142857143,10,14
2224,0.9166666666666666,0.7866666666666666,0.05454545454545454,0.5272727272727272,1.0,0.8461538461538461,11,13
2226,0.967741935483871,0.8184331797235023,-0.02857142857142857,0.4857142857142857,0.9375,1.0,16,15
2227,0.9090909090909091,0.7636363636363636,-0.06666666666666667,0.4666666666666667,1.0,0.8333333333333334,10,12
2228,0.9655172413793104,0.873209549071618,0.3626373626373626,0.6813186813186813,0.9333333333333333,1.0,15,14
2229,0.8181818181818181,0.709090909090909,0.1111111111111111,0.5555555555555556,1.0,0.6923076923076923,9,13
2230,0.8333333333333333,0.6944444444444443,-0.1111111111111111,0.4444444444444444,1.0,0.7142857142857143,10,14
2231,0.5263157894736842,0.47894736842105257,0.4,0.7,1.0,0.35714285714285715,5,14
2232,0.5263157894736842,0.431578947368421,-0.2,0.4,1.0,0.35714285714285715,5,14
2233,0.7000000000000001,0.62,0.23809523809523808,0.6190476190476191,1.0,0.5384615384615384,7,13
2234,0.8181818181818181,0.7363636363636362,0.3333333333333333,0.6666666666666666,1.0,0.6923076923076923,9,13
2235,0.7272727272727273,0.6961038961038961,0.7142857142857143,0.8571428571428572,1.0,0.5714285714285714,8,14
2236,0.9166666666666666,0.8316666666666666,0.38181818181818183,0.6909090909090909,1.0,0.8461538461538461,11,13
2237,0.8181818181818181,0.743181818181818,0.3888888888888889,0.6944444444444444,1.0,0.6923076923076923,9,13
2238,0.8181818181818181,0.7568181818181817,0.5,0.75,1.0,0.6923076923076923,9,13
2239,0.7000000000000001,0.5700000000000001,-0.23809523809523808,0.38095238095238093,1.0,0.5384615384615384,7,13
2240,0.923076923076923,0.813986013986014,0.21212121212121213,0.6060606060606061,1.0,0.8571428571428571,12,14
2241,0.5882352941176471,0.5529411764705883,0.6,0.8,1.0,0.4166666666666667,5,12
2242,0.8181818181818181,0.6477272727272726,-0.3888888888888889,0.3055555555555556,1.0,0.6923076923076923,9,13
2244,0.8695652173913044,0.7536231884057971,0.1111111111111111,0.5555555555555556,1.0,0.7692307692307693,10,13
2245,0.6666666666666666,0.6095238095238095,0.42857142857142855,0.7142857142857143,1.0,0.5,8,16
2246,0.631578947368421,0.5557894736842104,0.2,0.6,1.0,0.46153846153846156,6,13
2247,0.7499999999999999,0.6624999999999999,0.2222222222222222,0.6111111111111112,1.0,0.6,9,15
2248,0.5714285714285715,0.48000000000000004,-0.06666666666666667,0.4666666666666667,1.0,0.4,6,15
2249,0.8,0.7057142857142857,0.21428571428571427,0.6071428571428571,1.0,0.6666666666666666,8,12
2250,0.8181818181818181,0.6545454545454544,-0.3333333333333333,0.33333333333333337,1.0,0.6923076923076923,9,13
2251,0.8333333333333333,0.6944444444444443,-0.1111111111111111,0.4444444444444444,1.0,0.7142857142857143,10,14
2252,0.7499999999999999,0.6374999999999998,0.0,0.5,1.0,0.6,9,15
2253,0.9,0.7575,-0.05555555555555555,0.4722222222222222,1.0,0.8181818181818182,9,11
2254,0.9333333333333333,0.844102564102564,0.3626373626373626,0.6813186813186813,0.875,1.0,16,14
2255,0.8,0.7228571428571429,0.35714285714285715,0.6785714285714286,1.0,0.6666666666666666,8,12
2256,0.7499999999999999,0.6687499999999998,0.2777777777777778,0.6388888888888888,1.0,0.6,9,15
2257,0.8571428571428571,0.7071428571428571,-0.16666666666666666,0.4166666666666667,1.0,0.75,9,12
2258,0.782608695652174,0.658695652173913,-0.05555555555555555,0.4722222222222222,1.0,0.6428571428571429,9,14
2259,0.7272727272727273,0.6571428571428571,0.35714285714285715,0.6785714285714286,1.0,0.5714285714285714,8,14
2260,0.8571428571428571,0.7,-0.2222222222222222,0.3888888888888889,1.0,0.75,9,12
2261,0.8333333333333333,0.6666666666666665,-0.3333333333333333,0.33333333333333337,1.0,0.7142857142857143,10,14
2262,0.5882352941176471,0.4823529411764706,-0.2,0.4,1.0,0.4166666666666667,5,12
2263,0.5882352941176471,0.46470588235294114,-0.4,0.3,1.0,0.4166666666666667,5,12
2264,0.631578947368421,0.5431578947368421,0.06666666666666667,0.5333333333333333,1.0,0.46153846153846156,6,13
2265,0.5263157894736842,0.4473684210526315,0.0,0.5,1.0,0.35714285714285715,5,14
2266,0.5,0.475,0.6666666666666666,0.8333333333333333,1.0,0.3333333333333333,4,12
2267,0.5882352941176471,0.46470588235294114,-0.4,0.3,1.0,0.4166666666666667,5,12
2268,0.6,0.516,0.06666666666666667,0.5333333333333333,1.0,0.42857142857142855,6,14
2269,0.8,0.74,0.5,0.75,1.0,0.6666666666666666,8,12
2271,0.6,0.5399999999999999,0.3333333333333333,0.6666666666666666,1.0,0.42857142857142855,6,14
2272,0.6666666666666666,0.5595238095238094,-0.07142857142857142,0.4642857142857143,1.0,0.5,8,16
2273,0.7777777777777778,0.6888888888888889,0.23809523809523808,0.6190476190476191,1.0,0.6363636363636364,7,11
2275,0.761904761904762,0.6557823129251701,0.07142857142857142,0.5357142857142857,1.0,0.6153846153846154,8,13
2277,0.7272727272727273,0.6883116883116883,0.6428571428571429,0.8214285714285714,1.0,0.5714285714285714,8,14
2278,0.7368421052631579,0.5789473684210525,-0.42857142857142855,0.2857142857142857,1.0,0.5833333333333334,7,12
2279,0.6666666666666666,0.5866666666666666,0.2,0.6,1.0,0.5,6,12
2280,0.7272727272727273,0.5948051948051948,-0.21428571428571427,0.39285714285714285,1.0,0.5714285714285714,8,14
2281,0.761904761904762,0.6802721088435374,0.2857142857142857,0.6428571428571428,1.0,0.6153846153846154,8,13
2282,0.8421052631578948,0.7789473684210526,0.5,0.75,1.0,0.7272727272727273,8,11
2283,0.6666666666666666,0.6133333333333333,0.4666666666666667,0.7333333333333334,1.0,0.5,6,12
2284,0.9565217391304348,0.8834782608695652,0.4909090909090909,0.7454545454545455,1.0,0.9166666666666666,11,12
2285,0.8571428571428571,0.7571428571428571,0.2222222222222222,0.6111111111111112,1.0,0.75,9,12
2286,0.8421052631578948,0.7879699248120301,0.5714285714285714,0.7857142857142857,1.0,0.7272727272727273,8,11
2287,0.8695652173913044,0.7478260869565218,0.06666666666666667,0.5333333333333333,1.0,0.7692307692307693,10,13
2288,0.923076923076923,0.7552447552447551,-0.21212121212121213,0.3939393939393939,0.8571428571428571,1.0,14,12
2289,0.761904761904762,0.6639455782312925,0.14285714285714285,0.5714285714285714,1.0,0.6153846153846154,8,13
2290,0.923076923076923,0.7569230769230768,-0.2,0.4,0.8571428571428571,1.0,7,6
2292,0.7368421052631579,0.6526315789473683,0.23809523809523808,0.6190476190476191,1.0,0.5833333333333334,7,12
2295,0.9565217391304348,0.8469565217391304,0.23636363636363636,0.6181818181818182,1.0,0.9166666666666666,11,12
2296,0.6666666666666666,0.5599999999999999,-0.06666666666666667,0.4666666666666667,1.0,0.5,6,12
2297,0.7000000000000001,0.56,-0.3333333333333333,0.33333333333333337,1.0,0.5384615384615384,7,13
2298,0.7368421052631579,0.6105263157894736,-0.14285714285714285,0.4285714285714286,1.0,0.5833333333333334,7,12
2299,0.8,0.7314285714285714,0.42857142857142855,0.7142857142857143,1.0,0.6666666666666666,8,12
2300,0.5555555555555556,0.5222222222222223,0.6,0.8,1.0,0.38461538461538464,5,13
2301,1.0,0.8999999999999999,0.3333333333333333,0.6666666666666666,1.0,1.0,10,10
2302,0.8695652173913044,0.7942028985507247,0.4222222222222222,0.7111111111111111,1.0,0.7692307692307693,10,13
2303,0.7499999999999999,0.7,0.5555555555555556,0.7777777777777778,1.0,0.6,9,15
2304,0.923076923076923,0.8123076923076922,0.2,0.6,0.8571428571428571,1.0,7,6
2306,0.631578947368421,0.5684210526315788,0.3333333333333333,0.6666666666666666,1.0,0.46153846153846156,6,13
2308,0.8,0.7142857142857143,0.2857142857142857,0.6428571428571428,1.0,0.6666666666666666,8,12
2309,0.7000000000000001,0.6,0.047619047619047616,0.5238095238095238,1.0,0.5384615384615384,7,13
2311,0.5263157894736842,0.39999999999999997,-0.6,0.2,1.0,0.35714285714285715,5,14
2312,0.6956521739130436,0.591304347826087,0.0,0.5,1.0,0.5333333333333333,8,15
2313,0.8571428571428571,0.7071428571428571,-0.16666666666666666,0.4166666666666667,1.0,0.75,9,12
2315,0.5555555555555556,0.4888888888888889,0.2,0.6,1.0,0.38461538461538464,5,13
2316,0.7368421052631579,0.6210526315789473,-0.047619047619047616,0.47619047619047616,1.0,0.5833333333333334,7,12
2318,0.6,0.5279999999999999,0.2,0.6,1.0,0.42857142857142855,6,14
2319,0.8695652173913044,0.8,0.4666666666666667,0.7333333333333334,1.0,0.7692307692307693,10,13
2320,0.6666666666666666,0.5904761904761904,0.23809523809523808,0.6190476190476191,1.0,0.5,7,14
2321,0.7368421052631579,0.5578947368421052,-0.6190476190476191,0.19047619047619047,1.0,0.5833333333333334,7,12
2322,1.0,0.8799999999999999,0.2,0.6,1.0,1.0,10,10
2324,0.625,0.5499999999999999,0.2,0.6,1.0,0.45454545454545453,5,11
2325,0.47619047619047616,0.4047619047619047,0.0,0.5,1.0,0.3125,5,16
2328,0.8571428571428571,0.7428571428571428,0.1111111111111111,0.5555555555555556,1.0,0.75,9,12
2330,0.8,0.74,0.5,0.75,1.0,0.6666666666666666,8,12
2331,0.631578947368421,0.5431578947368421,0.06666666666666667,0.5333333333333333,1.0,0.46153846153846156,6,13
2332,0.7368421052631579,0.7052631578947367,0.7142857142857143,0.8571428571428572,1.0,0.5833333333333334,7,12
2333,0.7000000000000001,0.58,-0.14285714285714285,0.4285714285714286,1.0,0.5384615384615384,7,13
2334,0.5263157894736842,0.431578947368421,-0.2,0.4,1.0,0.35714285714285715,5,14
2335,0.8,0.7657142857142857,0.7142857142857143,0.8571428571428572,1.0,0.6666666666666666,8,12
2336,0.761904761904762,0.7047619047619048,0.5,0.75,1.0,0.6153846153846154,8,13
2337,0.6666666666666666,0.5733333333333333,0.06666666666666667,0.5333333333333333,1.0,0.5,6,12
2338,0.7058823529411764,0.6211764705882351,0.2,0.6,1.0,0.5454545454545454,6,11
2339,0.88,0.7552,0.05454545454545454,0.5272727272727272,1.0,0.7857142857142857,11,14
2340,0.8421052631578948,0.7338345864661654,0.14285714285714285,0.5714285714285714,1.0,0.7272727272727273,8,11
2341,0.8,0.7742857142857142,0.7857142857142857,0.8928571428571428,1.0,0.6666666666666666,8,12
2342,0.6666666666666666,0.6133333333333333,0.4666666666666667,0.7333333333333334,1.0,0.5,6,12
2343,0.5,0.425,0.0,0.5,1.0,0.3333333333333333,4,12
2344,0.7368421052631579,0.631578947368421,0.047619047619047616,0.5238095238095238,1.0,0.5833333333333334,7,12
2345,0.8,0.68,0.0,0.5,1.0,0.6666666666666666,8,12
2346,0.88,0.7504,0.01818181818181818,0.509090909090909,1.0,0.7857142857142857,11,14
2348,0.8421052631578948,0.6977443609022557,-0.14285714285714285,0.4285714285714286,1.0,0.7272727272727273,8,11
2349,0.9565217391304348,0.8365217391304348,0.16363636363636364,0.5818181818181818,1.0,0.9166666666666666,11,12
2350,0.631578947368421,0.6063157894736841,0.7333333333333333,0.8666666666666667,1.0,0.46153846153846156,6,13
2351,0.5263157894736842,0.47894736842105257,0.4,0.7,1.0,0.35714285714285715,5,14
2352,0.6666666666666666,0.5733333333333333,0.06666666666666667,0.5333333333333333,1.0,0.5,6,12
2353,0.7272727272727273,0.6181818181818182,0.0,0.5,1.0,0.5714285714285714,8,14
2355,0.9090909090909091,0.7757575757575756,0.022222222222222223,0.5111111111111111,1.0,0.8333333333333334,10,12
2356,0.8333333333333333,0.6944444444444443,-0.1111111111111111,0.4444444444444444,1.0,0.7142857142857143,10,14
2358,0.9333333333333333,0.7733333333333333,-0.14285714285714285,0.4285714285714286,1.0,0.875,7,8
2359,1.0,0.846153846153846,-0.02564102564102564,0.48717948717948717,1.0,1.0,13,13
2360,0.8,0.68,0.0,0.5,1.0,0.6666666666666666,8,12
2361,0.7499999999999999,0.6874999999999999,0.4444444444444444,0.7222222222222222,1.0,0.6,9,15
2362,0.6,0.516,0.06666666666666667,0.5333333333333333,1.0,0.42857142857142855,6,14
2363,0.9090909090909091,0.7999999999999998,0.2,0.6,1.0,0.8333333333333334,10,12
2365,0.761904761904762,0.6476190476190476,0.0,0.5,1.0,0.6153846153846154,8,13
2366,0.6363636363636364,0.5272727272727272,-0.14285714285714285,0.4285714285714286,1.0,0.4666666666666667,7,15
2367,0.7499999999999999,0.6749999999999998,0.3333333333333333,0.6666666666666666,1.0,0.6,6,10
2368,0.8695652173913044,0.718840579710145,-0.15555555555555556,0.4222222222222222,1.0,0.7692307692307693,10,13
2369,0.5882352941176471,0.4294117647058824,-0.8,0.09999999999999998,1.0,0.4166666666666667,5,12
2370,0.6666666666666666,0.5599999999999999,-0.06666666666666667,0.4666666666666667,1.0,0.5,6,12
2371,0.888888888888889,0.7676767676767676,0.09090909090909091,0.5454545454545454,0.8,1.0,15,12
2372,0.8695652173913044,0.782608695652174,0.3333333333333333,0.6666666666666666,1.0,0.7692307692307693,10,13
2373,0.6956521739130436,0.5614906832298137,-0.2857142857142857,0.35714285714285715,1.0,0.5333333333333333,8,15
2374,0.5882352941176471,0.4823529411764706,-0.2,0.4,1.0,0.4166666666666667,5,12
2375,0.8181818181818181,0.6749999999999999,-0.16666666666666666,0.4166666666666667,1.0,0.6923076923076923,9,13
2376,0.9090909090909091,0.7515151515151515,-0.15555555555555556,0.4222222222222222,1.0,0.8333333333333334,10,12
2377,0.6666666666666666,0.5733333333333333,0.06666666666666667,0.5333333333333333,1.0,0.5,6,12
2379,0.9166666666666666,0.7966666666666665,0.12727272727272726,0.5636363636363636,1.0,0.8461538461538461,11,13
2380,0.7368421052631579,0.6526315789473683,0.23809523809523808,0.6190476190476191,1.0,0.5833333333333334,7,12
2381,0.6666666666666666,0.6066666666666666,0.4,0.7,1.0,0.5,5,10
2382,0.6666666666666666,0.5523809523809523,-0.14285714285714285,0.4285714285714286,1.0,0.5,7,14
2383,0.6666666666666666,0.5599999999999999,-0.06666666666666667,0.4666666666666667,1.0,0.5,6,12
2384,0.8333333333333333,0.7166666666666666,0.06666666666666667,0.5333333333333333,1.0,0.7142857142857143,10,14
2385,0.6363636363636364,0.5727272727272726,0.3333333333333333,0.6666666666666666,1.0,0.4666666666666667,7,15
2386,0.761904761904762,0.6802721088435374,0.2857142857142857,0.6428571428571428,1.0,0.6153846153846154,8,13
2387,0.8571428571428571,0.7028571428571427,-0.2,0.4,1.0,0.75,6,8
2389,0.7272727272727273,0.6883116883116883,0.6428571428571429,0.8214285714285714,1.0,0.5714285714285714,8,14
2390,0.6666666666666666,0.6285714285714286,0.6190476190476191,0.8095238095238095,1.0,0.5,7,14
2392,0.6666666666666666,0.5599999999999999,-0.06666666666666667,0.4666666666666667,1.0,0.5,6,12
2393,0.7272727272727273,0.6493506493506493,0.2857142857142857,0.6428571428571428,1.0,0.5714285714285714,8,14
2394,0.8571428571428571,0.7571428571428571,0.2222222222222222,0.6111111111111112,0.75,1.0,12,9
2395,0.72,0.612,0.0,0.5,1.0,0.5625,9,16
2397,0.761904761904762,0.6639455782312925,0.14285714285714285,0.5714285714285714,1.0,0.6153846153846154,8,13
2398,0.8695652173913044,0.7536231884057971,0.1111111111111111,0.5555555555555556,1.0,0.7692307692307693,10,13
2399,0.6086956521739131,0.5043478260869565,-0.14285714285714285,0.4285714285714286,1.0,0.4375,7,16
2400,0.8,0.7828571428571429,0.8571428571428571,0.9285714285714286,1.0,0.6666666666666666,8,12
2401,0.888888888888889,0.8040404040404041,0.36363636363636365,0.6818181818181819,1.0,0.8,12,15
2402,0.6666666666666666,0.5333333333333332,-0.3333333333333333,0.33333333333333337,1.0,0.5,6,12
2403,0.9090909090909091,0.8181818181818181,0.3333333333333333,0.6666666666666666,1.0,0.8333333333333334,10,12
2404,0.8,0.68,0.0,0.5,1.0,0.6666666666666666,8,12
2406,0.9655172413793104,0.7809018567639257,-0.27472527472527475,0.3626373626373626,1.0,0.9333333333333333,14,15
2407,0.6666666666666666,0.5733333333333333,0.06666666666666667,0.5333333333333333,1.0,0.5,6,12
2408,1.0,0.9045454545454545,0.36363636363636365,0.6818181818181819,1.0,1.0,12,12
2409,0.8181818181818181,0.709090909090909,0.1111111111111111,0.5555555555555556,1.0,0.6923076923076923,9,13
2410,0.5882352941176471,0.5176470588235293,0.2,0.6,1.0,0.4166666666666667,5,12
2411,0.8571428571428571,0.7999999999999999,0.5555555555555556,0.7777777777777778,1.0,0.75,9,12
2412,0.6086956521739131,0.5217391304347826,0.047619047619047616,0.5238095238095238,1.0,0.4375,7,16
2413,0.8181818181818181,0.709090909090909,0.1111111111111111,0.5555555555555556,1.0,0.6923076923076923,9,13
2414,0.631578947368421,0.5431578947368421,0.06666666666666667,0.5333333333333333,1.0,0.46153846153846156,6,13
2417,0.5882352941176471,0.4470588235294118,-0.6,0.2,1.0,0.4166666666666667,5,12
2418,0.7368421052631579,0.6526315789473683,0.23809523809523808,0.6190476190476191,1.0,0.5833333333333334,7,12
2419,0.7368421052631579,0.6421052631578946,0.14285714285714285,0.5714285714285714,1.0,0.5833333333333334,7,12
2420,0.7368421052631579,0.6421052631578946,0.14285714285714285,0.5714285714285714,1.0,0.5833333333333334,7,12
2421,0.761904761904762,0.6802721088435374,0.2857142857142857,0.6428571428571428,1.0,0.6153846153846154,8,13
2422,0.846153846153846,0.7123076923076922,-0.05454545454545454,0.4727272727272727,1.0,0.7333333333333333,11,15
2424,0.7368421052631579,0.6631578947368421,0.3333333333333333,0.6666666666666666,1.0,0.5833333333333334,7,12
2425,0.7368421052631579,0.631578947368421,0.047619047619047616,0.5238095238095238,1.0,0.5833333333333334,7,12
2427,0.7692307692307693,0.6538461538461539,0.0,0.5,1.0,0.625,5,8
2428,0.5,0.44999999999999996,0.3333333333333333,0.6666666666666666,1.0,0.3333333333333333,4,12
2429,0.8421052631578948,0.724812030075188,0.07142857142857142,0.5357142857142857,0.7272727272727273,1.0,11,8
2431,0.8,0.6080000000000001,-0.6,0.2,0.6666666666666666,1.0,9,6
2432,0.625,0.5874999999999999,0.6,0.8,1.0,0.45454545454545453,5,11
2433,0.9411764705882353,0.8504201680672268,0.35714285714285715,0.6785714285714286,1.0,0.8888888888888888,8,9
2434,0.6666666666666666,0.5809523809523809,0.14285714285714285,0.5714285714285714,1.0,0.5,8,16
2436,0.888888888888889,0.7746031746031745,0.14285714285714285,0.5714285714285714,0.8,1.0,10,8
2437,0.7368421052631579,0.5894736842105263,-0.3333333333333333,0.33333333333333337,1.0,0.5833333333333334,7,12
2438,0.5,0.5,1.0,1.0,1.0,0.3333333333333333,4,12
2439,0.631578947368421,0.5684210526315788,0.3333333333333333,0.6666666666666666,1.0,0.46153846153846156,6,13
2440,0.6666666666666666,0.5333333333333332,-0.3333333333333333,0.33333333333333337,1.0,0.5,6,12
2442,0.631578947368421,0.48,-0.6,0.2,1.0,0.46153846153846156,6,13
2443,0.896551724137931,0.7689655172413793,0.05128205128205128,0.5256410256410257,0.8125,1.0,16,13
2444,0.7368421052631579,0.6,-0.23809523809523808,0.38095238095238093,1.0,0.5833333333333334,7,12
2446,0.6086956521739131,0.5043478260869565,-0.14285714285714285,0.4285714285714286,1.0,0.4375,7,16
2447,0.8,0.704,0.2,0.6,1.0,0.6666666666666666,10,15
2448,0.7000000000000001,0.65,0.5238095238095238,0.7619047619047619,0.5384615384615384,1.0,13,7
2449,0.7272727272727273,0.6545454545454545,0.3333333333333333,0.6666666666666666,1.0,0.5714285714285714,4,7
2450,0.8571428571428571,0.7642857142857142,0.2777777777777778,0.6388888888888888,1.0,0.75,9,12
2451,0.6666666666666666,0.5599999999999999,-0.06666666666666667,0.4666666666666667,1.0,0.5,6,12
2452,0.8,0.6457142857142857,-0.2857142857142857,0.35714285714285715,1.0,0.6666666666666666,8,12
2453,1.0,0.9249999999999999,0.5,0.75,1.0,1.0,9,9
2454,0.7647058823529412,0.6794117647058824,0.2564102564102564,0.6282051282051282,0.6190476190476191,1.0,21,13
2455,0.8235294117647058,0.7176470588235293,0.14285714285714285,0.5714285714285714,1.0,0.7,7,10
2456,0.5882352941176471,0.5705882352941176,0.8,0.9,1.0,0.4166666666666667,5,12
2457,0.7368421052631579,0.6526315789473683,0.23809523809523808,0.6190476190476191,1.0,0.5833333333333334,7,12
2458,0.8,0.7228571428571429,0.35714285714285715,0.6785714285714286,1.0,0.6666666666666666,8,12
2459,0.8695652173913044,0.7536231884057971,0.1111111111111111,0.5555555555555556,1.0,0.7692307692307693,10,13
2460,0.7142857142857143,0.6285714285714286,0.2,0.6,1.0,0.5555555555555556,5,9
2461,0.9565217391304348,0.7895652173913044,-0.16363636363636364,0.4181818181818182,0.9166666666666666,1.0,12,11
2462,0.8333333333333333,0.7583333333333332,0.4,0.7,1.0,0.7142857142857143,5,7
2463,0.9333333333333333,0.8133333333333332,0.14285714285714285,0.5714285714285714,0.875,1.0,8,7
2464,0.7368421052631579,0.631578947368421,0.047619047619047616,0.5238095238095238,1.0,0.5833333333333334,7,12
2465,0.9565217391304348,0.8626086956521739,0.34545454545454546,0.6727272727272727,1.0,0.9166666666666666,11,12
2466,0.6666666666666666,0.6066666666666666,0.4,0.7,1.0,0.5,5,10
2468,0.6086956521739131,0.5652173913043478,0.5238095238095238,0.7619047619047619,1.0,0.4375,7,16
2469,0.88,0.7312,-0.12727272727272726,0.4363636363636364,1.0,0.7857142857142857,11,14
2470,0.5882352941176471,0.46470588235294114,-0.4,0.3,1.0,0.4166666666666667,5,12
2471,0.896551724137931,0.7931034482758621,0.23076923076923078,0.6153846153846154,0.8125,1.0,16,13
2472,0.8,0.7571428571428571,0.6428571428571429,0.8214285714285714,1.0,0.6666666666666666,8,12
2473,0.9090909090909091,0.7939393939393938,0.15555555555555556,0.5777777777777777,1.0,0.8333333333333334,10,12
2474,0.8,0.6885714285714286,0.07142857142857142,0.5357142857142857,1.0,0.6666666666666666,8,12
2476,0.8571428571428571,0.7,-0.2222222222222222,0.3888888888888889,1.0,0.75,9,12
2477,0.8,0.7057142857142857,0.21428571428571427,0.6071428571428571,1.0,0.6666666666666666,8,12
2478,0.7000000000000001,0.65,0.5238095238095238,0.7619047619047619,1.0,0.5384615384615384,7,13
2479,0.8571428571428571,0.7428571428571428,0.1111111111111111,0.5555555555555556,1.0,0.75,9,12
2480,0.8,0.6734065934065934,-0.054945054945054944,0.4725274725274725,0.6666666666666666,1.0,21,14
2481,1.0,0.9166666666666666,0.4444444444444444,0.7222222222222222,1.0,1.0,9,9
2482,0.7368421052631579,0.6736842105263158,0.42857142857142855,0.7142857142857143,0.5833333333333334,1.0,12,7
2483,0.9090909090909091,0.7999999999999998,0.2,0.6,1.0,0.8333333333333334,10,12
2484,0.631578947368421,0.5557894736842104,0.2,0.6,1.0,0.46153846153846156,6,13
2485,0.9523809523809523,0.7492063492063491,-0.4222222222222222,0.28888888888888886,0.9090909090909091,1.0,11,10
2486,0.923076923076923,0.7569230769230768,-0.2,0.4,0.8571428571428571,1.0,7,6
2487,1.0,0.8933333333333333,0.28888888888888886,0.6444444444444444,1.0,1.0,10,10
2489,0.9,0.7875,0.16666666666666666,0.5833333333333334,1.0,0.8181818181818182,9,11
2491,0.5882352941176471,0.4823529411764706,-0.2,0.4,1.0,0.4166666666666667,5,12
2492,0.8571428571428571,0.7885714285714285,0.4666666666666667,0.7333333333333334,0.75,1.0,8,6
2493,0.6666666666666666,0.6266666666666666,0.6,0.8,1.0,0.5,6,12
2494,0.8695652173913044,0.7652173913043478,0.2,0.6,1.0,0.7692307692307693,10,13
2495,0.8571428571428571,0.6785714285714285,-0.3888888888888889,0.3055555555555556,1.0,0.75,9,12
2496,0.9090909090909091,0.8363636363636363,0.4666666666666667,0.7333333333333334,0.8333333333333334,1.0,12,10
2497,0.9090909090909091,0.8424242424242424,0.5111111111111111,0.7555555555555555,1.0,0.8333333333333334,10,12
2498,0.9565217391304348,0.8678260869565217,0.38181818181818183,0.6909090909090909,1.0,0.9166666666666666,11,12
2499,0.9090909090909091,0.7818181818181817,0.06666666666666667,0.5333333333333333,1.0,0.8333333333333334,10,12
2500,0.888888888888889,0.8793650793650793,0.9285714285714286,0.9642857142857143,1.0,0.8,8,10
2501,0.9565217391304348,0.7791304347826087,-0.23636363636363636,0.38181818181818183,0.9166666666666666,1.0,12,11
2502,0.9565217391304348,0.8730434782608696,0.41818181818181815,0.7090909090909091,1.0,0.9166666666666666,11,12
2503,0.8750000000000001,0.7875,0.3333333333333333,0.6666666666666666,1.0,0.7777777777777778,7,9
2504,0.8,0.6885714285714286,0.07142857142857142,0.5357142857142857,1.0,0.6666666666666666,8,12
2505,0.9473684210526316,0.7421052631578948,-0.4444444444444444,0.2777777777777778,1.0,0.9,9,10
2506,0.8,0.6080000000000001,-0.6,0.2,1.0,0.6666666666666666,6,9
2507,0.7368421052631579,0.6210526315789473,-0.047619047619047616,0.47619047619047616,1.0,0.5833333333333334,7,12
2508,1.0,0.9066666666666666,0.37777777777777777,0.6888888888888889,1.0,1.0,10,10
2509,0.7499999999999999,0.6312499999999999,-0.05555555555555555,0.4722222222222222,0.6,1.0,15,9
2510,0.8421052631578948,0.7699248120300752,0.42857142857142855,0.7142857142857143,1.0,0.7272727272727273,8,11
2511,0.6666666666666666,0.5999999999999999,0.3333333333333333,0.6666666666666666,1.0,0.5,6,12
2512,0.8,0.7571428571428571,0.6428571428571429,0.8214285714285714,1.0,0.6666666666666666,8,12
2513,0.888888888888889,0.8222222222222222,0.5,0.75,0.8,1.0,10,8
2514,0.8,0.6885714285714286,0.07142857142857142,0.5357142857142857,1.0,0.6666666666666666,8,12
2515,1.0,0.8772727272727272,0.18181818181818182,0.5909090909090909,1.0,1.0,12,12
2517,0.7499999999999999,0.6874999999999999,0.4444444444444444,0.7222222222222222,1.0,0.6,9,15
2518,1.0,0.8954545454545454,0.30303030303030304,0.6515151515151515,1.0,1.0,12,12
2519,0.7000000000000001,0.62,0.23809523809523808,0.6190476190476191,1.0,0.5384615384615384,7,13
2520,0.631578947368421,0.5431578947368421,0.06666666666666667,0.5333333333333333,1.0,0.46153846153846156,6,13
2521,0.9473684210526316,0.8368421052631579,0.2222222222222222,0.6111111111111112,1.0,0.9,9,10
2522,0.7272727272727273,0.6025974025974026,-0.14285714285714285,0.4285714285714286,1.0,0.5714285714285714,8,14
2523,0.9600000000000001,0.8814545454545455,0.45454545454545453,0.7272727272727273,0.9230769230769231,1.0,13,12
2524,0.8571428571428571,0.7428571428571428,0.1111111111111111,0.5555555555555556,1.0,0.75,9,12
2525,0.9333333333333333,0.8533333333333333,0.42857142857142855,0.7142857142857143,1.0,0.875,7,8
2526,0.9473684210526316,0.8052631578947369,0.0,0.5,0.9,1.0,10,9
2527,0.6666666666666666,0.5466666666666666,-0.2,0.4,1.0,0.5,6,12
2528,0.8,0.74,0.5,0.75,1.0,0.6666666666666666,8,12
2529,0.9565217391304348,0.8365217391304348,0.16363636363636364,0.5818181818181818,0.9166666666666666,1.0,12,11
2531,1.0,0.868131868131868,0.12087912087912088,0.5604395604395604,1.0,1.0,14,14
2533,0.888888888888889,0.7999999999999999,0.3333333333333333,0.6666666666666666,0.8,1.0,15,12
2534,0.888888888888889,0.765079365079365,0.07142857142857142,0.5357142857142857,0.8,1.0,10,8
2535,0.8571428571428571,0.75,0.16666666666666666,0.5833333333333334,1.0,0.75,9,12
2536,0.7499999999999999,0.6899999999999998,0.4666666666666667,0.7333333333333334,1.0,0.6,6,10
2537,0.8,0.68,0.0,0.5,1.0,0.6666666666666666,8,12
2538,0.8750000000000001,0.7375,-0.047619047619047616,0.47619047619047616,1.0,0.7777777777777778,7,9
2539,0.6399999999999999,0.5302857142857141,-0.14285714285714285,0.4285714285714286,1.0,0.47058823529411764,8,17
2540,0.5882352941176471,0.5352941176470588,0.4,0.7,1.0,0.4166666666666667,5,12
2541,0.8181818181818181,0.7022727272727272,0.05555555555555555,0.5277777777777778,1.0,0.6923076923076923,9,13
2542,0.7368421052631579,0.6526315789473683,0.23809523809523808,0.6190476190476191,1.0,0.5833333333333334,7,12
2543,0.5882352941176471,0.46470588235294114,-0.4,0.3,1.0,0.4166666666666667,5,12
2544,0.9090909090909091,0.7757575757575756,0.022222222222222223,0.5111111111111111,1.0,0.8333333333333334,10,12
2545,0.8571428571428571,0.7714285714285714,0.3333333333333333,0.6666666666666666,1.0,0.75,6,8
2548,0.631578947368421,0.5178947368421052,-0.2,0.4,1.0,0.46153846153846156,6,13
2549,0.9285714285714286,0.8107142857142856,0.15384615384615385,0.5769230769230769,0.8666666666666667,1.0,15,13
2550,0.7368421052631579,0.5789473684210525,-0.42857142857142855,0.2857142857142857,1.0,0.5833333333333334,7,12
2551,0.7368421052631579,0.6736842105263158,0.42857142857142855,0.7142857142857143,1.0,0.5833333333333334,7,12
2552,0.631578947368421,0.5052631578947367,-0.3333333333333333,0.33333333333333337,1.0,0.46153846153846156,6,13
2553,1.0,0.8392857142857142,-0.07142857142857142,0.4642857142857143,1.0,1.0,8,8
2554,0.6666666666666666,0.5599999999999999,-0.06666666666666667,0.4666666666666667,1.0,0.5,6,12
2555,0.8421052631578948,0.7609022556390977,0.35714285714285715,0.6785714285714286,1.0,0.7272727272727273,8,11
2556,0.631578947368421,0.5305263157894736,-0.06666666666666667,0.4666666666666667,1.0,0.46153846153846156,6,13
2557,0.5555555555555556,0.5222222222222223,0.6,0.8,1.0,0.38461538461538464,5,13
2558,0.5882352941176471,0.5882352941176471,1.0,1.0,0.4166666666666667,1.0,12,5
2559,0.8695652173913044,0.7478260869565218,0.06666666666666667,0.5333333333333333,1.0,0.7692307692307693,10,13
2560,0.7272727272727273,0.6727272727272727,0.5,0.75,1.0,0.5714285714285714,8,14
2561,0.8333333333333333,0.7055555555555555,-0.022222222222222223,0.4888888888888889,1.0,0.7142857142857143,10,14
2562,0.7499999999999999,0.6312499999999999,-0.05555555555555555,0.4722222222222222,1.0,0.6,9,15
2563,0.8181818181818181,0.7022727272727272,0.05555555555555555,0.5277777777777778,1.0,0.6923076923076923,9,13
2565,0.7777777777777778,0.6333333333333333,-0.23809523809523808,0.38095238095238093,1.0,0.6363636363636364,7,11
2566,0.7272727272727273,0.6649350649350649,0.42857142857142855,0.7142857142857143,1.0,0.5714285714285714,8,14
2567,0.8695652173913044,0.718840579710145,-0.15555555555555556,0.4222222222222222,1.0,0.7692307692307693,10,13
2568,0.9333333333333333,0.88,0.6190476190476191,0.8095238095238095,1.0,0.875,7,8
2569,1.0,0.8483516483516483,-0.01098901098901099,0.4945054945054945,1.0,1.0,14,14
2570,0.761904761904762,0.6639455782312925,0.14285714285714285,0.5714285714285714,1.0,0.6153846153846154,8,13
2572,0.8235294117647058,0.7294117647058823,0.23809523809523808,0.6190476190476191,1.0,0.7,7,10
2573,0.8,0.6885714285714286,0.07142857142857142,0.5357142857142857,1.0,0.6666666666666666,8,12
2574,0.7368421052631579,0.6210526315789473,-0.047619047619047616,0.47619047619047616,1.0,0.5833333333333334,7,12
2575,0.8571428571428571,0.7142857142857142,-0.1111111111111111,0.4444444444444444,1.0,0.75,9,12
2576,0.8,0.74,0.5,0.75,1.0,0.6666666666666666,8,12
2577,0.9090909090909091,0.812121212121212,0.28888888888888886,0.6444444444444444,1.0,0.8333333333333334,10,12
2578,0.5882352941176471,0.5,0.0,0.5,1.0,0.4166666666666667,5,12
2579,0.6666666666666666,0.5466666666666666,-0.2,0.4,1.0,0.5,6,12
2580,0.9090909090909091,0.8545454545454545,0.6,0.8,1.0,0.8333333333333334,5,6
2581,0.8181818181818181,0.6954545454545454,0.0,0.5,1.0,0.6923076923076923,9,13
2582,0.9565217391304348,0.7895652173913044,-0.16363636363636364,0.4181818181818182,1.0,0.9166666666666666,11,12
2583,0.7142857142857143,0.6499999999999999,0.4,0.7,1.0,0.5555555555555556,5,9
2584,0.896551724137931,0.796551724137931,0.2564102564102564,0.6282051282051282,0.8125,1.0,16,13
2585,0.9565217391304348,0.8313043478260869,0.12727272727272726,0.5636363636363636,1.0,0.9166666666666666,11,12
2588,0.8235294117647058,0.6941176470588234,-0.047619047619047616,0.47619047619047616,1.0,0.7,7,10
2589,0.6666666666666666,0.5199999999999999,-0.4666666666666667,0.26666666666666666,1.0,0.5,6,12
2590,0.9333333333333333,0.84,0.3333333333333333,0.6666666666666666,1.0,0.875,7,8
2591,0.888888888888889,0.7936507936507936,0.2857142857142857,0.6428571428571428,1.0,0.8,8,10
2592,0.8750000000000001,0.7125000000000001,-0.23809523809523808,0.38095238095238093,1.0,0.7777777777777778,7,9
2593,0.8,0.7485714285714287,0.5714285714285714,0.7857142857142857,1.0,0.6666666666666666,8,12
2594,0.5555555555555556,0.4388888888888889,-0.4,0.3,1.0,0.38461538461538464,5,13
2595,0.8333333333333333,0.7888888888888888,0.6444444444444445,0.8222222222222222,1.0,0.7142857142857143,10,14
2597,0.7058823529411764,0.5788235294117646,-0.2,0.4,1.0,0.5454545454545454,6,11
2598,0.6666666666666666,0.6399999999999999,0.7333333333333333,0.8666666666666667,1.0,0.5,6,12
2599,0.9090909090909091,0.7939393939393938,0.15555555555555556,0.5777777777777777,1.0,0.8333333333333334,10,12
2600,0.8571428571428571,0.7642857142857142,0.2777777777777778,0.6388888888888888,1.0,0.75,9,12
2602,0.9166666666666666,0.7616666666666666,-0.12727272727272726,0.4363636363636364,1.0,0.8461538461538461,11,13
2603,0.6956521739130436,0.613664596273292,0.21428571428571427,0.6071428571428571,1.0,0.5333333333333333,8,15
2604,0.761904761904762,0.6394557823129251,-0.07142857142857142,0.4642857142857143,1.0,0.6153846153846154,8,13
2605,1.0,0.8363636363636363,-0.09090909090909091,0.45454545454545453,1.0,1.0,12,12
2606,1.0,0.8428571428571427,-0.047619047619047616,0.47619047619047616,1.0,1.0,7,7
2607,0.7368421052631579,0.5684210526315788,-0.5238095238095238,0.23809523809523808,1.0,0.5833333333333334,7,12
2608,0.5882352941176471,0.5352941176470588,0.4,0.7,1.0,0.4166666666666667,5,12
2609,0.8695652173913044,0.7652173913043478,0.2,0.6,1.0,0.7692307692307693,10,13
2612,1.0,0.9136363636363636,0.42424242424242425,0.7121212121212122,1.0,1.0,12,12
2613,0.8571428571428571,0.7357142857142857,0.05555555555555555,0.5277777777777778,1.0,0.75,9,12
2614,0.7368421052631579,0.6631578947368421,0.3333333333333333,0.6666666666666666,1.0,0.5833333333333334,7,12
2616,0.7368421052631579,0.6842105263157894,0.5238095238095238,0.7619047619047619,1.0,0.5833333333333334,7,12
2617,1.0,0.8227272727272726,-0.18181818181818182,0.40909090909090906,1.0,1.0,12,12
2619,0.6666666666666666,0.5428571428571428,-0.23809523809523808,0.38095238095238093,1.0,0.5,7,14
2620,0.7368421052631579,0.6631578947368421,0.3333333333333333,0.6666666666666666,1.0,0.5833333333333334,7,12
2621,0.5882352941176471,0.5352941176470588,0.4,0.7,1.0,0.4166666666666667,5,12
2622,0.7272727272727273,0.6337662337662338,0.14285714285714285,0.5714285714285714,1.0,0.5714285714285714,8,14
2623,0.923076923076923,0.7384615384615384,-0.3333333333333333,0.33333333333333337,0.8571428571428571,1.0,7,6
2626,0.8,0.7228571428571429,0.35714285714285715,0.6785714285714286,1.0,0.6666666666666666,8,12
2627,0.8333333333333333,0.7333333333333332,0.2,0.6,1.0,0.7142857142857143,5,7
2629,0.8181818181818181,0.6681818181818181,-0.2222222222222222,0.3888888888888889,1.0,0.6923076923076923,9,13
2630,0.7692307692307693,0.6820512820512821,0.24444444444444444,0.6222222222222222,1.0,0.625,10,16
2631,0.9166666666666666,0.8166666666666667,0.2727272727272727,0.6363636363636364,1.0,0.8461538461538461,11,13
2632,1.0,0.8318181818181818,-0.12121212121212122,0.4393939393939394,1.0,1.0,12,12
2635,0.8571428571428571,0.7714285714285714,0.3333333333333333,0.6666666666666666,0.75,1.0,8,6
2636,0.8,0.6714285714285714,-0.07142857142857142,0.4642857142857143,1.0,0.6666666666666666,8,12
2637,0.9090909090909091,0.7878787878787877,0.1111111111111111,0.5555555555555556,1.0,0.8333333333333334,10,12
2638,0.8695652173913044,0.8,0.4666666666666667,0.7333333333333334,0.7692307692307693,1.0,13,10
2639,0.8,0.6714285714285714,-0.07142857142857142,0.4642857142857143,1.0,0.6666666666666666,8,12
2640,0.6666666666666666,0.5066666666666666,-0.6,0.2,1.0,0.5,6,12
2641,0.8333333333333333,0.6611111111111111,-0.37777777777777777,0.3111111111111111,1.0,0.7142857142857143,10,14
2642,0.8181818181818181,0.7295454545454545,0.2777777777777778,0.6388888888888888,1.0,0.6923076923076923,9,13
2643,0.6666666666666666,0.5866666666666666,0.2,0.6,1.0,0.5,5,10
2644,0.7000000000000001,0.62,0.23809523809523808,0.6190476190476191,1.0,0.5384615384615384,7,13
2647,0.8,0.6839560439560439,0.03296703296703297,0.5164835164835165,0.6666666666666666,1.0,21,14
2648,0.9166666666666666,0.8266666666666665,0.34545454545454546,0.6727272727272727,1.0,0.8461538461538461,11,13
2650,0.8,0.7571428571428571,0.6428571428571429,0.8214285714285714,1.0,0.6666666666666666,8,12
2651,1.0,1.0,1.0,1.0,1.0,1.0,4,4
2652,0.8,0.7485714285714287,0.5714285714285714,0.7857142857142857,1.0,0.6666666666666666,8,12
2653,0.5555555555555556,0.4222222222222222,-0.6,0.2,1.0,0.38461538461538464,5,13
2655,1.0,0.9090909090909091,0.3939393939393939,0.696969696969697,1.0,1.0,12,12
2656,0.8571428571428571,0.75,0.16666666666666666,0.5833333333333334,1.0,0.75,9,12
2657,0.9600000000000001,0.7636363636363637,-0.36363636363636365,0.3181818181818182,0.9230769230769231,1.0,13,12
2658,0.782608695652174,0.6652173913043479,0.0,0.5,1.0,0.6428571428571429,9,14
2659,0.9411764705882353,0.8302521008403361,0.21428571428571427,0.6071428571428571,1.0,0.8888888888888888,8,9
2660,0.7368421052631579,0.6842105263157894,0.5238095238095238,0.7619047619047619,1.0,0.5833333333333334,7,12
2661,0.7692307692307693,0.7461538461538462,0.8,0.9,1.0,0.625,5,8
2662,0.9473684210526316,0.8131578947368421,0.05555555555555555,0.5277777777777778,1.0,0.9,9,10
2663,0.5882352941176471,0.5352941176470588,0.4,0.7,1.0,0.4166666666666667,5,12
2664,0.8695652173913044,0.7942028985507247,0.4222222222222222,0.7111111111111111,1.0,0.7692307692307693,10,13
2665,0.761904761904762,0.6639455782312925,0.14285714285714285,0.5714285714285714,1.0,0.6153846153846154,8,13
2666,0.8,0.68,0.0,0.5,1.0,0.6666666666666666,8,12
2668,0.88,0.6976,-0.38181818181818183,0.3090909090909091,1.0,0.7857142857142857,11,14
2669,0.7777777777777778,0.6444444444444444,-0.14285714285714285,0.4285714285714286,1.0,0.6363636363636364,7,11
2670,0.761904761904762,0.6802721088435374,0.2857142857142857,0.6428571428571428,1.0,0.6153846153846154,8,13
2671,0.7142857142857143,0.6071428571428571,0.0,0.5,1.0,0.5555555555555556,5,9
2672,0.8235294117647058,0.7176470588235293,0.14285714285714285,0.5714285714285714,1.0,0.7,7,10
2673,0.631578947368421,0.5431578947368421,0.06666666666666667,0.5333333333333333,1.0,0.46153846153846156,6,13
2674,0.47058823529411764,0.47058823529411764,1.0,1.0,1.0,0.3076923076923077,4,13
2675,0.782608695652174,0.6847826086956522,0.16666666666666666,0.5833333333333334,1.0,0.6428571428571429,9,14
2677,0.7368421052631579,0.6842105263157894,0.5238095238095238,0.7619047619047619,1.0,0.5833333333333334,7,12
2678,0.8750000000000001,0.8,0.42857142857142855,0.7142857142857143,1.0,0.7777777777777778,7,9
2679,0.9090909090909091,0.8060606060606059,0.24444444444444444,0.6222222222222222,1.0,0.8333333333333334,10,12
2680,0.5,0.365,-0.8,0.09999999999999998,1.0,0.3333333333333333,5,15
2681,0.7499999999999999,0.6449999999999999,0.06666666666666667,0.5333333333333333,1.0,0.6,6,10
2682,0.7368421052631579,0.5789473684210525,-0.42857142857142855,0.2857142857142857,1.0,0.5833333333333334,7,12
2683,0.6923076923076924,0.6,0.1111111111111111,0.5555555555555556,0.5294117647058824,1.0,17,9
2684,0.6,0.564,0.6,0.8,1.0,0.42857142857142855,6,14
2685,0.8,0.7314285714285714,0.42857142857142855,0.7142857142857143,1.0,0.6666666666666666,8,12
2686,0.8571428571428571,0.7642857142857142,0.2777777777777778,0.6388888888888888,1.0,0.75,9,12
2687,0.8181818181818181,0.7022727272727272,0.05555555555555555,0.5277777777777778,1.0,0.6923076923076923,9,13
2688,0.9600000000000001,0.8421818181818181,0.18181818181818182,0.5909090909090909,0.9230769230769231,1.0,13,12
2689,1.0,0.9045454545454545,0.36363636363636365,0.6818181818181819,1.0,1.0,12,12
2690,0.8421052631578948,0.706766917293233,-0.07142857142857142,0.4642857142857143,1.0,0.7272727272727273,8,11
2691,0.8421052631578948,0.7431578947368421,0.21666666666666667,0.6083333333333334,0.7272727272727273,1.0,22,16
2692,0.9565217391304348,0.8365217391304348,0.16363636363636364,0.5818181818181818,1.0,0.9166666666666666,11,12
2694,0.8571428571428571,0.7357142857142857,0.05555555555555555,0.5277777777777778,1.0,0.75,9,12
2695,0.7368421052631579,0.6947368421052631,0.6190476190476191,0.8095238095238095,1.0,0.5833333333333334,7,12
2696,0.9523809523809523,0.8317460317460317,0.15555555555555556,0.5777777777777777,1.0,0.9090909090909091,10,11
2697,0.7499999999999999,0.5849999999999999,-0.4666666666666667,0.26666666666666666,1.0,0.6,6,10
2698,0.9285714285714286,0.7892857142857143,0.0,0.5,0.8666666666666667,1.0,15,13
2699,0.7272727272727273,0.6571428571428571,0.35714285714285715,0.6785714285714286,1.0,0.5714285714285714,8,14
2700,0.9523809523809523,0.8444444444444443,0.24444444444444444,0.6222222222222222,1.0,0.9090909090909091,10,11
2701,0.9333333333333333,0.7948717948717948,0.01098901098901099,0.5054945054945055,0.875,1.0,16,14
2702,1.0,0.98,0.8666666666666667,0.9333333333333333,1.0,1.0,6,6
2703,0.7142857142857143,0.6714285714285714,0.6,0.8,1.0,0.5555555555555556,5,9
2705,0.8571428571428571,0.7785714285714285,0.3888888888888889,0.6944444444444444,1.0,0.75,9,12
2707,0.7368421052631579,0.6421052631578946,0.14285714285714285,0.5714285714285714,1.0,0.5833333333333334,7,12
2709,0.9565217391304348,0.8730434782608696,0.41818181818181815,0.7090909090909091,1.0,0.9166666666666666,11,12
2710,0.923076923076923,0.8433566433566433,0.42424242424242425,0.7121212121212122,1.0,0.8571428571428571,12,14
2711,0.5882352941176471,0.5352941176470588,0.4,0.7,1.0,0.4166666666666667,5,12
2712,0.9473684210526316,0.7973684210526315,-0.05555555555555555,0.4722222222222222,0.9,1.0,10,9
2716,0.7368421052631579,0.5789473684210525,-0.42857142857142855,0.2857142857142857,1.0,0.5833333333333334,7,12
2717,0.8750000000000001,0.8375,0.7142857142857143,0.8571428571428572,1.0,0.7777777777777778,7,9
2718,0.8571428571428571,0.7792207792207791,0.3939393939393939,0.696969696969697,0.75,1.0,16,12
2719,1.0,0.94,0.6,0.8,1.0,1.0,10,10
2721,0.8,0.7314285714285714,0.42857142857142855,0.7142857142857143,0.6666666666666666,1.0,12,8
2723,0.8333333333333333,0.7055555555555555,-0.022222222222222223,0.4888888888888889,1.0,0.7142857142857143,10,14
2724,0.5882352941176471,0.46470588235294114,-0.4,0.3,1.0,0.4166666666666667,5,12
2726,0.8,0.7018181818181818,0.18181818181818182,0.5909090909090909,0.6666666666666666,1.0,18,12
2727,0.7368421052631579,0.6631578947368421,0.3333333333333333,0.6666666666666666,1.0,0.5833333333333334,7,12
2728,0.6666666666666666,0.5466666666666666,-0.2,0.4,1.0,0.5,6,12
2729,0.8571428571428571,0.7571428571428571,0.2222222222222222,0.6111111111111112,1.0,0.75,9,12
2730,0.8571428571428571,0.7714285714285714,0.3333333333333333,0.6666666666666666,1.0,0.75,9,12
2731,0.8750000000000001,0.7875,0.3333333333333333,0.6666666666666666,0.7777777777777778,1.0,9,7
2732,0.8750000000000001,0.7375,-0.047619047619047616,0.47619047619047616,1.0,0.7777777777777778,7,9
2733,0.8695652173913044,0.8057971014492754,0.5111111111111111,0.7555555555555555,1.0,0.7692307692307693,10,13
2734,1.0,0.8545454545454545,0.030303030303030304,0.5151515151515151,1.0,1.0,12,12
2735,0.761904761904762,0.6639455782312925,0.14285714285714285,0.5714285714285714,1.0,0.6153846153846154,8,13
2736,0.761904761904762,0.6394557823129251,-0.07142857142857142,0.4642857142857143,1.0,0.6153846153846154,8,13
2737,0.6666666666666666,0.5199999999999999,-0.4666666666666667,0.26666666666666666,1.0,0.5,6,12
2738,0.6666666666666666,0.5733333333333333,0.06666666666666667,0.5333333333333333,1.0,0.5,6,12
2740,0.7272727272727273,0.625974025974026,0.07142857142857142,0.5357142857142857,1.0,0.5714285714285714,8,14
2741,0.6956521739130436,0.6509316770186336,0.5714285714285714,0.7857142857142857,1.0,0.5333333333333333,8,15
2744,0.8421052631578948,0.7518796992481203,0.2857142857142857,0.6428571428571428,1.0,0.7272727272727273,8,11
2745,0.7000000000000001,0.6,0.047619047619047616,0.5238095238095238,1.0,0.5384615384615384,7,13
2746,0.9473684210526316,0.8842105263157896,0.5555555555555556,0.7777777777777778,1.0,0.9,9,10
2747,1.0,0.7714285714285714,-0.5238095238095238,0.23809523809523808,1.0,1.0,7,7
2748,0.9565217391304348,0.8678260869565217,0.38181818181818183,0.6909090909090909,1.0,0.9166666666666666,11,12
2749,0.9090909090909091,0.7878787878787877,0.1111111111111111,0.5555555555555556,1.0,0.8333333333333334,10,12
2750,0.5882352941176471,0.46470588235294114,-0.4,0.3,1.0,0.4166666666666667,5,12
2751,0.6666666666666666,0.5199999999999999,-0.4666666666666667,0.26666666666666666,1.0,0.5,6,12
2753,0.7368421052631579,0.5894736842105263,-0.3333333333333333,0.33333333333333337,1.0,0.5833333333333334,7,12
2754,0.7692307692307693,0.6974358974358974,0.37777777777777777,0.6888888888888889,1.0,0.625,10,16
2755,0.9090909090909091,0.812121212121212,0.28888888888888886,0.6444444444444444,1.0,0.8333333333333334,10,12
2756,0.6956521739130436,0.613664596273292,0.21428571428571427,0.6071428571428571,1.0,0.5333333333333333,8,15
2759,0.6923076923076924,0.6230769230769231,0.3333333333333333,0.6666666666666666,1.0,0.5294117647058824,9,17
2760,0.7368421052631579,0.6631578947368421,0.3333333333333333,0.6666666666666666,1.0,0.5833333333333334,7,12
2761,0.8181818181818181,0.743181818181818,0.3888888888888889,0.6944444444444444,1.0,0.6923076923076923,9,13
2762,0.8695652173913044,0.7942028985507247,0.4222222222222222,0.7111111111111111,1.0,0.7692307692307693,10,13
2763,0.6666666666666666,0.5599999999999999,-0.06666666666666667,0.4666666666666667,1.0,0.5,6,12
2764,0.7058823529411764,0.6070588235294117,0.06666666666666667,0.5333333333333333,1.0,0.5454545454545454,6,11
2765,0.8333333333333333,0.7222222222222221,0.1111111111111111,0.5555555555555556,1.0,0.7142857142857143,10,14
2766,0.8571428571428571,0.7597402597402597,0.24242424242424243,0.6212121212121212,1.0,0.75,12,16
2767,0.4210526315789474,0.35789473684210527,0.0,0.5,1.0,0.26666666666666666,4,15
2768,0.4210526315789474,0.4,0.6666666666666666,0.8333333333333333,1.0,0.26666666666666666,4,15
2769,0.8695652173913044,0.7768115942028986,0.28888888888888886,0.6444444444444444,1.0,0.7692307692307693,10,13
2770,0.9090909090909091,0.8181818181818181,0.3333333333333333,0.6666666666666666,1.0,0.8333333333333334,10,12
2771,0.6666666666666666,0.6133333333333333,0.4666666666666667,0.7333333333333334,1.0,0.5,6,12
2772,1.0,0.8919117647058823,0.27941176470588236,0.6397058823529411,1.0,1.0,17,17
2773,0.6363636363636364,0.5363636363636363,-0.047619047619047616,0.47619047619047616,1.0,0.4666666666666667,7,15
2774,0.631578947368421,0.5178947368421052,-0.2,0.4,1.0,0.46153846153846156,6,13
2775,0.8181818181818181,0.743181818181818,0.3888888888888889,0.6944444444444444,1.0,0.6923076923076923,9,13
2777,0.8571428571428571,0.7642857142857142,0.2777777777777778,0.6388888888888888,1.0,0.75,9,12
2778,0.888888888888889,0.7636363636363637,0.06060606060606061,0.5303030303030303,1.0,0.8,12,15
2779,0.72,0.636,0.2222222222222222,0.6111111111111112,1.0,0.5625,9,16
2780,0.9523809523809523,0.7809523809523808,-0.2,0.4,1.0,0.9090909090909091,10,11
2781,0.7058823529411764,0.5929411764705882,-0.06666666666666667,0.4666666666666667,1.0,0.5454545454545454,6,11
2782,0.8571428571428571,0.6818181818181818,-0.36363636363636365,0.3181818181818182,1.0,0.75,12,16
2783,0.8571428571428571,0.7519480519480518,0.18181818181818182,0.5909090909090909,1.0,0.75,12,16
2784,0.88,0.7215999999999999,-0.2,0.4,1.0,0.7857142857142857,11,14
2785,0.5882352941176471,0.5176470588235293,0.2,0.6,1.0,0.4166666666666667,5,12
2786,0.7499999999999999,0.6249999999999999,-0.1111111111111111,0.4444444444444444,1.0,0.6,9,15
2787,0.6666666666666666,0.5599999999999999,-0.06666666666666667,0.4666666666666667,1.0,0.5,6,12
2788,1.0,0.8828571428571428,0.21904761904761905,0.6095238095238096,1.0,1.0,15,15
2789,0.7142857142857143,0.5642857142857143,-0.4,0.3,1.0,0.5555555555555556,5,9
2790,0.846153846153846,0.7215384615384614,0.01818181818181818,0.509090909090909,1.0,0.7333333333333333,11,15
2792,0.782608695652174,0.658695652173913,-0.05555555555555555,0.4722222222222222,1.0,0.6428571428571429,9,14
2793,0.888888888888889,0.765079365079365,0.07142857142857142,0.5357142857142857,1.0,0.8,8,10
2794,1.0,0.9153846153846154,0.4358974358974359,0.717948717948718,1.0,1.0,13,13
2795,0.9032258064516129,0.807940446650124,0.2967032967032967,0.6483516483516484,0.8235294117647058,1.0,17,14
2796,0.761904761904762,0.6476190476190476,0.0,0.5,1.0,0.6153846153846154,8,13
2797,0.6666666666666666,0.5733333333333333,0.06666666666666667,0.5333333333333333,1.0,0.5,6,12
2798,0.8333333333333333,0.7055555555555555,-0.022222222222222223,0.4888888888888889,1.0,0.7142857142857143,10,14
2799,0.88,0.7167999999999999,-0.23636363636363636,0.38181818181818183,1.0,0.7857142857142857,11,14
2800,0.923076923076923,0.7678321678321678,-0.12121212121212122,0.4393939393939394,1.0,0.8571428571428571,12,14
2801,0.7499999999999999,0.6499999999999998,0.1111111111111111,0.5555555555555556,1.0,0.6,9,15
2802,0.782608695652174,0.6717391304347826,0.05555555555555555,0.5277777777777778,1.0,0.6428571428571429,9,14
2803,0.8421052631578948,0.7789473684210526,0.5,0.75,1.0,0.7272727272727273,8,11
2804,0.7272727272727273,0.587012987012987,-0.2857142857142857,0.35714285714285715,1.0,0.5714285714285714,8,14
2805,0.7368421052631579,0.6421052631578946,0.14285714285714285,0.5714285714285714,1.0,0.5833333333333334,7,12
2806,0.8695652173913044,0.718840579710145,-0.15555555555555556,0.4222222222222222,1.0,0.7692307692307693,10,13
2807,0.782608695652174,0.6717391304347826,0.05555555555555555,0.5277777777777778,1.0,0.6428571428571429,9,14
2808,0.7000000000000001,0.59,-0.047619047619047616,0.47619047619047616,1.0,0.5384615384615384,7,13
2809,0.8695652173913044,0.7710144927536232,0.24444444444444444,0.6222222222222222,1.0,0.7692307692307693,10,13
2810,0.8,0.6714285714285714,-0.07142857142857142,0.4642857142857143,1.0,0.6666666666666666,8,12
2811,0.8695652173913044,0.8231884057971014,0.6444444444444445,0.8222222222222222,0.7692307692307693,1.0,13,10
2812,0.888888888888889,0.7841269841269841,0.21428571428571427,0.6071428571428571,1.0,0.8,8,10
2813,0.72,0.618,0.05555555555555555,0.5277777777777778,1.0,0.5625,9,16
2814,0.6956521739130436,0.6285714285714286,0.35714285714285715,0.6785714285714286,1.0,0.5333333333333333,8,15
2815,0.7000000000000001,0.61,0.14285714285714285,0.5714285714285714,1.0,0.5384615384615384,7,13
2816,0.9090909090909091,0.7878787878787877,0.1111111111111111,0.5555555555555556,1.0,0.8333333333333334,10,12
2818,0.5882352941176471,0.5176470588235293,0.2,0.6,1.0,0.4166666666666667,5,12
2819,0.962962962962963,0.8703703703703703,0.358974358974359,0.6794871794871795,1.0,0.9285714285714286,13,14
2820,0.8695652173913044,0.7768115942028986,0.28888888888888886,0.6444444444444444,1.0,0.7692307692307693,10,13
2821,0.7368421052631579,0.6105263157894736,-0.14285714285714285,0.4285714285714286,1.0,0.5833333333333334,7,12
2822,0.923076923076923,0.7846153846153845,0.0,0.5,1.0,0.8571428571428571,12,14
2823,0.8571428571428571,0.7357142857142857,0.05555555555555555,0.5277777777777778,1.0,0.75,9,12
2824,0.9090909090909091,0.8181818181818181,0.3333333333333333,0.6666666666666666,1.0,0.8333333333333334,10,12
2825,0.9411764705882353,0.8605042016806722,0.42857142857142855,0.7142857142857143,0.8888888888888888,1.0,9,8
2827,0.896551724137931,0.7724137931034483,0.07692307692307693,0.5384615384615384,0.8125,1.0,16,13
2829,0.9600000000000001,0.8247272727272728,0.06060606060606061,0.5303030303030303,1.0,0.9230769230769231,12,13
2830,0.8571428571428571,0.7571428571428571,0.2222222222222222,0.6111111111111112,1.0,0.75,9,12
2831,0.9600000000000001,0.8072727272727273,-0.06060606060606061,0.4696969696969697,0.9230769230769231,1.0,13,12
2833,0.6666666666666666,0.6133333333333333,0.4666666666666667,0.7333333333333334,1.0,0.5,6,12
2834,0.88,0.736,-0.09090909090909091,0.45454545454545453,1.0,0.7857142857142857,11,14
2837,0.7272727272727273,0.6493506493506493,0.2857142857142857,0.6428571428571428,1.0,0.5714285714285714,8,14
2838,0.888888888888889,0.7919191919191919,0.2727272727272727,0.6363636363636364,1.0,0.8,12,15
2839,0.9600000000000001,0.8334545454545456,0.12121212121212122,0.5606060606060606,1.0,0.9230769230769231,12,13
2840,0.761904761904762,0.6639455782312925,0.14285714285714285,0.5714285714285714,1.0,0.6153846153846154,8,13
2842,0.8,0.6986666666666667,0.15555555555555556,0.5777777777777777,1.0,0.6666666666666666,10,15
2843,0.782608695652174,0.6521739130434783,-0.1111111111111111,0.4444444444444444,1.0,0.6428571428571429,9,14
2844,0.8695652173913044,0.7710144927536232,0.24444444444444444,0.6222222222222222,1.0,0.7692307692307693,10,13
2845,0.7499999999999999,0.6937499999999999,0.5,0.75,1.0,0.6,9,15
2846,0.8333333333333333,0.6722222222222222,-0.28888888888888886,0.35555555555555557,1.0,0.7142857142857143,10,14
2847,0.9090909090909091,0.8242424242424242,0.37777777777777777,0.6888888888888889,1.0,0.8333333333333334,10,12
2848,0.9655172413793104,0.8127320954907161,-0.054945054945054944,0.4725274725274725,0.9333333333333333,1.0,15,14
2849,0.782608695652174,0.7043478260869565,0.3333333333333333,0.6666666666666666,1.0,0.6428571428571429,9,14
2850,0.7272727272727273,0.6493506493506493,0.2857142857142857,0.6428571428571428,1.0,0.5714285714285714,8,14
2851,0.8333333333333333,0.6777777777777776,-0.24444444444444444,0.37777777777777777,1.0,0.7142857142857143,10,14
2853,0.9090909090909091,0.7636363636363636,-0.06666666666666667,0.4666666666666667,1.0,0.8333333333333334,10,12
2854,0.8333333333333333,0.711111111111111,0.022222222222222223,0.5111111111111111,1.0,0.7142857142857143,10,14
2855,0.8571428571428571,0.8214285714285713,0.7222222222222222,0.8611111111111112,1.0,0.75,9,12
2856,0.9090909090909091,0.8181818181818181,0.3333333333333333,0.6666666666666666,1.0,0.8333333333333334,10,12
2857,0.6956521739130436,0.5838509316770186,-0.07142857142857142,0.4642857142857143,1.0,0.5333333333333333,8,15
2858,0.8571428571428571,0.7642857142857142,0.2777777777777778,0.6388888888888888,1.0,0.75,9,12
2859,0.923076923076923,0.8307692307692306,0.3333333333333333,0.6666666666666666,1.0,0.8571428571428571,12,14
2860,0.8181818181818181,0.7568181818181817,0.5,0.75,1.0,0.6923076923076923,9,13
2861,1.0,0.8285714285714285,-0.14285714285714285,0.4285714285714286,1.0,1.0,14,14
2862,0.761904761904762,0.7129251700680272,0.5714285714285714,0.7857142857142857,1.0,0.6153846153846154,8,13
2863,1.0,0.9241758241758241,0.4945054945054945,0.7472527472527473,1.0,1.0,14,14
2866,0.8695652173913044,0.7420289855072464,0.022222222222222223,0.5111111111111111,1.0,0.7692307692307693,10,13
2867,0.8695652173913044,0.7072463768115942,-0.24444444444444444,0.37777777777777777,1.0,0.7692307692307693,10,13
2868,0.7272727272727273,0.6649350649350649,0.42857142857142855,0.7142857142857143,1.0,0.5714285714285714,8,14
2869,0.9090909090909091,0.7818181818181817,0.06666666666666667,0.5333333333333333,1.0,0.8333333333333334,10,12
2870,0.8333333333333333,0.7555555555555554,0.37777777777777777,0.6888888888888889,1.0,0.7142857142857143,10,14
2871,0.8148148148148148,0.7214814814814814,0.23636363636363636,0.6181818181818182,1.0,0.6875,11,16
2872,0.6666666666666666,0.5238095238095237,-0.42857142857142855,0.2857142857142857,1.0,0.5,7,14
2873,0.7499999999999999,0.6624999999999999,0.2222222222222222,0.6111111111111112,1.0,0.6,9,15
2875,0.6956521739130436,0.546583850931677,-0.42857142857142855,0.2857142857142857,1.0,0.5333333333333333,8,15
2876,0.8695652173913044,0.7536231884057971,0.1111111111111111,0.5555555555555556,0.7692307692307693,1.0,13,10
2877,0.923076923076923,0.751048951048951,-0.24242424242424243,0.3787878787878788,0.8571428571428571,1.0,14,12
2878,0.9,0.8400000000000001,0.5555555555555556,0.7777777777777778,1.0,0.8181818181818182,9,11
2879,0.8,0.7142857142857143,0.2857142857142857,0.6428571428571428,1.0,0.6666666666666666,8,12
2880,0.8750000000000001,0.85,0.8095238095238095,0.9047619047619048,1.0,0.7777777777777778,7,9
2881,0.7058823529411764,0.5775401069518715,-0.21212121212121213,0.3939393939393939,0.5454545454545454,1.0,22,12
2883,0.9473684210526316,0.7894736842105263,-0.1111111111111111,0.4444444444444444,0.9,1.0,10,9
2884,0.8,0.6826666666666666,0.022222222222222223,0.5111111111111111,1.0,0.6666666666666666,10,15
2885,0.8181818181818181,0.7772727272727272,0.6666666666666666,0.8333333333333333,1.0,0.6923076923076923,9,13
2886,0.888888888888889,0.7936507936507936,0.2857142857142857,0.6428571428571428,1.0,0.8,8,10
2887,0.88,0.7888,0.3090909090909091,0.6545454545454545,1.0,0.7857142857142857,11,14
2888,0.8333333333333333,0.7722222222222221,0.5111111111111111,0.7555555555555555,1.0,0.7142857142857143,10,14
2890,0.9166666666666666,0.7966666666666665,0.12727272727272726,0.5636363636363636,1.0,0.8461538461538461,11,13
2891,0.8571428571428571,0.7,-0.2222222222222222,0.3888888888888889,1.0,0.75,9,12
2892,0.782608695652174,0.658695652173913,-0.05555555555555555,0.4722222222222222,1.0,0.6428571428571429,9,14
2893,0.896551724137931,0.8137931034482758,0.38461538461538464,0.6923076923076923,1.0,0.8125,13,16
2894,0.7272727272727273,0.587012987012987,-0.2857142857142857,0.35714285714285715,1.0,0.5714285714285714,8,14
2895,0.7272727272727273,0.6493506493506493,0.2857142857142857,0.6428571428571428,1.0,0.5714285714285714,8,14
2896,0.9565217391304348,0.8782608695652173,0.45454545454545453,0.7272727272727273,1.0,0.9166666666666666,11,12
2897,0.7272727272727273,0.5948051948051948,-0.21428571428571427,0.39285714285714285,1.0,0.5714285714285714,8,14
2898,0.7368421052631579,0.6526315789473683,0.23809523809523808,0.6190476190476191,1.0,0.5833333333333334,7,12
2899,0.782608695652174,0.6456521739130435,-0.16666666666666666,0.4166666666666667,1.0,0.6428571428571429,9,14
2900,0.7272727272727273,0.6415584415584416,0.21428571428571427,0.6071428571428571,1.0,0.5714285714285714,8,14
2901,0.7499999999999999,0.6437499999999998,0.05555555555555555,0.5277777777777778,1.0,0.6,9,15
2902,0.8571428571428571,0.7071428571428571,-0.16666666666666666,0.4166666666666667,1.0,0.75,9,12
2903,0.761904761904762,0.6068027210884354,-0.35714285714285715,0.3214285714285714,1.0,0.6153846153846154,8,13
2904,0.6956521739130436,0.591304347826087,0.0,0.5,1.0,0.5333333333333333,8,15
2905,0.88,0.8079999999999999,0.45454545454545453,0.7272727272727273,1.0,0.7857142857142857,11,14
2906,0.8,0.736,0.4666666666666667,0.7333333333333334,1.0,0.6666666666666666,10,15
2907,0.782608695652174,0.691304347826087,0.2222222222222222,0.6111111111111112,1.0,0.6428571428571429,9,14
2908,0.9565217391304348,0.7217391304347827,-0.6363636363636364,0.18181818181818182,1.0,0.9166666666666666,11,12
2909,0.8695652173913044,0.7942028985507247,0.4222222222222222,0.7111111111111111,1.0,0.7692307692307693,10,13
2910,0.761904761904762,0.6231292517006803,-0.21428571428571427,0.39285714285714285,1.0,0.6153846153846154,8,13
2911,0.8,0.6836363636363636,0.030303030303030304,0.5151515151515151,1.0,0.6666666666666666,12,18
2912,0.8,0.7228571428571429,0.35714285714285715,0.6785714285714286,1.0,0.6666666666666666,8,12
2913,0.761904761904762,0.6312925170068028,-0.14285714285714285,0.4285714285714286,1.0,0.6153846153846154,8,13
2914,0.8571428571428571,0.7071428571428571,-0.16666666666666666,0.4166666666666667,1.0,0.75,9,12
2916,0.8,0.7314285714285714,0.42857142857142855,0.7142857142857143,1.0,0.6666666666666666,8,12
2917,0.8571428571428571,0.7357142857142857,0.05555555555555555,0.5277777777777778,1.0,0.75,9,12
2918,0.782608695652174,0.6326086956521738,-0.2777777777777778,0.3611111111111111,1.0,0.6428571428571429,9,14
2919,0.962962962962963,0.8777777777777777,0.41025641025641024,0.7051282051282051,1.0,0.9285714285714286,13,14
2920,0.7368421052631579,0.6,-0.23809523809523808,0.38095238095238093,1.0,0.5833333333333334,7,12
2921,0.631578947368421,0.5178947368421052,-0.2,0.4,1.0,0.46153846153846156,6,13
2922,0.8,0.7142857142857143,0.2857142857142857,0.6428571428571428,1.0,0.6666666666666666,8,12
2925,0.962962962962963,0.8222222222222222,0.02564102564102564,0.5128205128205128,1.0,0.9285714285714286,13,14
2926,0.9600000000000001,0.8378181818181818,0.15151515151515152,0.5757575757575758,0.9230769230769231,1.0,13,12
2927,0.6956521739130436,0.5763975155279504,-0.14285714285714285,0.4285714285714286,1.0,0.5333333333333333,8,15
2928,0.9166666666666666,0.8216666666666665,0.3090909090909091,0.6545454545454545,1.0,0.8461538461538461,11,13
2929,0.5714285714285715,0.4685714285714286,-0.2,0.4,1.0,0.4,6,15
2930,0.7000000000000001,0.63,0.3333333333333333,0.6666666666666666,1.0,0.5384615384615384,7,13
2931,0.6956521739130436,0.591304347826087,0.0,0.5,1.0,0.5333333333333333,8,15
2933,0.7000000000000001,0.62,0.23809523809523808,0.6190476190476191,1.0,0.5384615384615384,7,13
2936,0.923076923076923,0.8055944055944055,0.15151515151515152,0.5757575757575758,1.0,0.8571428571428571,12,14
2937,0.9523809523809523,0.8698412698412697,0.4222222222222222,0.7111111111111111,1.0,0.9090909090909091,10,11
2938,0.7499999999999999,0.6624999999999999,0.2222222222222222,0.6111111111111112,1.0,0.6,9,15
2939,0.7272727272727273,0.6337662337662338,0.14285714285714285,0.5714285714285714,1.0,0.5714285714285714,8,14
2940,0.9285714285714286,0.8142857142857143,0.1794871794871795,0.5897435897435898,0.8666666666666667,1.0,15,13
2941,0.8181818181818181,0.6681818181818181,-0.2222222222222222,0.3888888888888889,1.0,0.6923076923076923,9,13
2942,0.8181818181818181,0.7159090909090908,0.16666666666666666,0.5833333333333334,1.0,0.6923076923076923,9,13
2943,0.782608695652174,0.691304347826087,0.2222222222222222,0.6111111111111112,1.0,0.6428571428571429,9,14
2944,0.88,0.7791999999999999,0.23636363636363636,0.6181818181818182,1.0,0.7857142857142857,11,14
2945,0.888888888888889,0.7676767676767676,0.09090909090909091,0.5454545454545454,0.8,1.0,15,12
2946,0.6923076923076924,0.5884615384615385,0.0,0.5,1.0,0.5294117647058824,9,17
2947,0.962962962962963,0.8592592592592593,0.28205128205128205,0.641025641025641,1.0,0.9285714285714286,13,14
2948,0.923076923076923,0.7552447552447551,-0.21212121212121213,0.3939393939393939,1.0,0.8571428571428571,12,14
2949,0.5555555555555556,0.5222222222222223,0.6,0.8,1.0,0.38461538461538464,5,13
2950,0.6,0.504,-0.06666666666666667,0.4666666666666667,1.0,0.42857142857142855,6,14
2951,0.8,0.6971428571428571,0.14285714285714285,0.5714285714285714,1.0,0.6666666666666666,8,12
2952,0.6363636363636364,0.5818181818181818,0.42857142857142855,0.7142857142857143,1.0,0.4666666666666667,7,15
2953,0.896551724137931,0.8068965517241379,0.3333333333333333,0.6666666666666666,1.0,0.8125,13,16
2954,0.6956521739130436,0.6285714285714286,0.35714285714285715,0.6785714285714286,1.0,0.5333333333333333,8,15
2955,0.7499999999999999,0.6187499999999999,-0.16666666666666666,0.4166666666666667,1.0,0.6,9,15
2957,0.8181818181818181,0.6818181818181817,-0.1111111111111111,0.4444444444444444,1.0,0.6923076923076923,9,13
2958,0.9090909090909091,0.7878787878787877,0.1111111111111111,0.5555555555555556,1.0,0.8333333333333334,10,12
2959,0.8,0.6971428571428571,0.14285714285714285,0.5714285714285714,1.0,0.6666666666666666,8,12
2960,0.7368421052631579,0.6842105263157894,0.5238095238095238,0.7619047619047619,1.0,0.5833333333333334,7,12
2962,0.846153846153846,0.7399999999999999,0.16363636363636364,0.5818181818181818,1.0,0.7333333333333333,11,15
2963,0.7272727272727273,0.6571428571428571,0.35714285714285715,0.6785714285714286,1.0,0.5714285714285714,8,14
2966,0.7368421052631579,0.6210526315789473,-0.047619047619047616,0.47619047619047616,1.0,0.5833333333333334,7,12
2969,0.9285714285714286,0.7964285714285714,0.05128205128205128,0.5256410256410257,1.0,0.8666666666666667,13,15
2970,0.6666666666666666,0.6133333333333333,0.4666666666666667,0.7333333333333334,1.0,0.5,6,12
2971,0.7499999999999999,0.6499999999999998,0.1111111111111111,0.5555555555555556,1.0,0.6,9,15
2973,0.962962962962963,0.8222222222222222,0.02564102564102564,0.5128205128205128,0.9285714285714286,1.0,14,13
2974,0.782608695652174,0.6326086956521738,-0.2777777777777778,0.3611111111111111,1.0,0.6428571428571429,9,14
2975,0.8695652173913044,0.7652173913043478,0.2,0.6,1.0,0.7692307692307693,10,13
2976,0.6956521739130436,0.5540372670807454,-0.35714285714285715,0.3214285714285714,1.0,0.5333333333333333,8,15
2978,0.5714285714285715,0.4914285714285715,0.06666666666666667,0.5333333333333333,1.0,0.4,6,15
2979,0.761904761904762,0.6802721088435374,0.2857142857142857,0.6428571428571428,1.0,0.6153846153846154,8,13
2980,1.0,0.8857142857142857,0.23809523809523808,0.6190476190476191,1.0,1.0,15,15
2981,0.9696969696969697,0.8727272727272727,0.3333333333333333,0.6666666666666666,0.9411764705882353,1.0,17,16
2982,0.962962962962963,0.8518518518518519,0.23076923076923078,0.6153846153846154,0.9285714285714286,1.0,14,13
2983,0.7000000000000001,0.54,-0.5238095238095238,0.23809523809523808,1.0,0.5384615384615384,7,13
2984,0.47619047619047616,0.41904761904761895,0.2,0.6,1.0,0.3125,5,16
2985,0.7499999999999999,0.6374999999999998,0.0,0.5,1.0,0.6,9,15
2986,0.631578947368421,0.5431578947368421,0.06666666666666667,0.5333333333333333,1.0,0.46153846153846156,6,13
2987,0.8,0.656,-0.2,0.4,0.6666666666666666,1.0,15,10
2989,0.8333333333333333,0.7277777777777776,0.15555555555555556,0.5777777777777777,1.0,0.7142857142857143,10,14
2990,0.8181818181818181,0.7295454545454545,0.2777777777777778,0.6388888888888888,1.0,0.6923076923076923,9,13
2991,0.6666666666666666,0.5523809523809523,-0.14285714285714285,0.4285714285714286,1.0,0.5,8,16
2992,0.6666666666666666,0.5714285714285714,0.047619047619047616,0.5238095238095238,1.0,0.5,7,14
2994,0.6923076923076924,0.5538461538461539,-0.3333333333333333,0.33333333333333337,1.0,0.5294117647058824,9,17
2995,0.72,0.594,-0.16666666666666666,0.4166666666666667,1.0,0.5625,9,16
2996,0.88,0.736,-0.09090909090909091,0.45454545454545453,1.0,0.7857142857142857,11,14
2997,0.47619047619047616,0.4333333333333333,0.4,0.7,1.0,0.3125,5,16
2998,0.7692307692307693,0.6717948717948719,0.15555555555555556,0.5777777777777777,1.0,0.625,10,16
3001,0.72,0.6239999999999999,0.1111111111111111,0.5555555555555556,1.0,0.5625,9,16
3003,0.6666666666666666,0.5428571428571428,-0.23809523809523808,0.38095238095238093,1.0,0.5,7,14
3004,0.7692307692307693,0.6615384615384615,0.06666666666666667,0.5333333333333333,1.0,0.625,10,16
3005,0.8,0.6666666666666666,-0.1111111111111111,0.4444444444444444,1.0,0.6666666666666666,10,15
3007,0.962962962962963,0.8185185185185185,0.0,0.5,1.0,0.9285714285714286,13,14
3008,0.88,0.7743999999999999,0.2,0.6,1.0,0.7857142857142857,11,14
3009,0.8,0.6933333333333334,0.1111111111111111,0.5555555555555556,1.0,0.6666666666666666,10,15
3011,0.8,0.6773333333333333,-0.022222222222222223,0.4888888888888889,1.0,0.6666666666666666,10,15
3012,0.846153846153846,0.7030769230769229,-0.12727272727272726,0.4363636363636364,1.0,0.7333333333333333,11,15
3013,0.7272727272727273,0.6493506493506493,0.2857142857142857,0.6428571428571428,1.0,0.5714285714285714,8,14
3015,0.7692307692307693,0.6871794871794872,0.28888888888888886,0.6444444444444444,1.0,0.625,10,16
3016,0.7272727272727273,0.6181818181818182,0.0,0.5,1.0,0.5714285714285714,8,14
3017,0.8,0.72,0.3333333333333333,0.6666666666666666,1.0,0.6666666666666666,10,15
3018,0.8,0.7485714285714287,0.5714285714285714,0.7857142857142857,1.0,0.6666666666666666,8,12
3019,0.9166666666666666,0.7766666666666665,-0.01818181818181818,0.4909090909090909,1.0,0.8461538461538461,11,13
3021,0.888888888888889,0.8040404040404041,0.36363636363636365,0.6818181818181819,1.0,0.8,12,15
3023,0.88,0.712,-0.2727272727272727,0.36363636363636365,1.0,0.7857142857142857,11,14
3024,0.6666666666666666,0.5999999999999999,0.3333333333333333,0.6666666666666666,1.0,0.5,7,14
3025,0.8,0.7057142857142857,0.21428571428571427,0.6071428571428571,1.0,0.6666666666666666,8,12
3026,0.631578947368421,0.5305263157894736,-0.06666666666666667,0.4666666666666667,1.0,0.46153846153846156,6,13
3027,0.8695652173913044,0.7652173913043478,0.2,0.6,1.0,0.7692307692307693,10,13
3029,0.7272727272727273,0.6103896103896104,-0.07142857142857142,0.4642857142857143,1.0,0.5714285714285714,8,14
3030,0.846153846153846,0.7446153846153845,0.2,0.6,1.0,0.7333333333333333,11,15
3031,0.7272727272727273,0.6181818181818182,0.0,0.5,0.5714285714285714,1.0,21,12
3032,0.7499999999999999,0.5999999999999999,-0.3333333333333333,0.33333333333333337,1.0,0.6,9,15
3033,0.8571428571428571,0.7928571428571427,0.5,0.75,1.0,0.75,9,12
3034,0.9090909090909091,0.812121212121212,0.28888888888888886,0.6444444444444444,1.0,0.8333333333333334,10,12
3035,0.9285714285714286,0.8428571428571427,0.38461538461538464,0.6923076923076923,0.8666666666666667,1.0,15,13
3036,0.7000000000000001,0.65,0.5238095238095238,0.7619047619047619,1.0,0.5384615384615384,7,13
3037,0.7499999999999999,0.6687499999999998,0.2777777777777778,0.6388888888888888,1.0,0.6,9,15
3038,0.8695652173913044,0.7014492753623189,-0.28888888888888886,0.35555555555555557,1.0,0.7692307692307693,10,13
3039,0.88,0.7647999999999999,0.12727272727272726,0.5636363636363636,1.0,0.7857142857142857,11,14
3040,0.7272727272727273,0.6649350649350649,0.42857142857142855,0.7142857142857143,1.0,0.5714285714285714,8,14
3041,0.7272727272727273,0.5948051948051948,-0.21428571428571427,0.39285714285714285,1.0,0.5714285714285714,8,14
3042,0.6399999999999999,0.5028571428571428,-0.42857142857142855,0.2857142857142857,1.0,0.47058823529411764,8,17
3043,0.9600000000000001,0.7941818181818181,-0.15151515151515152,0.42424242424242425,1.0,0.9230769230769231,12,13
3044,0.8333333333333333,0.7222222222222221,0.1111111111111111,0.5555555555555556,1.0,0.7142857142857143,10,14
3045,0.6363636363636364,0.6,0.6190476190476191,0.8095238095238095,1.0,0.4666666666666667,7,15
3046,0.8181818181818181,0.743181818181818,0.3888888888888889,0.6944444444444444,1.0,0.6923076923076923,9,13
3047,0.6666666666666666,0.5238095238095237,-0.42857142857142855,0.2857142857142857,1.0,0.5,7,14
3048,0.761904761904762,0.672108843537415,0.21428571428571427,0.6071428571428571,1.0,0.6153846153846154,8,13
3049,0.631578947368421,0.5936842105263157,0.6,0.8,1.0,0.46153846153846156,6,13
3050,0.8181818181818181,0.7704545454545454,0.6111111111111112,0.8055555555555556,1.0,0.6923076923076923,9,13
3051,0.6956521739130436,0.6062111801242236,0.14285714285714285,0.5714285714285714,1.0,0.5333333333333333,8,15
3052,0.9090909090909091,0.7757575757575756,0.022222222222222223,0.5111111111111111,1.0,0.8333333333333334,10,12
3053,0.7272727272727273,0.5714285714285714,-0.42857142857142855,0.2857142857142857,1.0,0.5714285714285714,8,14
3054,0.846153846153846,0.7953846153846152,0.6,0.8,1.0,0.7333333333333333,11,15
3055,0.923076923076923,0.7972027972027971,0.09090909090909091,0.5454545454545454,0.8571428571428571,1.0,14,12
3056,0.8181818181818181,0.7159090909090908,0.16666666666666666,0.5833333333333334,1.0,0.6923076923076923,9,13
3057,0.8571428571428571,0.75,0.16666666666666666,0.5833333333333334,1.0,0.75,9,12
3058,0.7058823529411764,0.536470588235294,-0.6,0.2,1.0,0.5454545454545454,6,11
3059,0.8181818181818181,0.6818181818181817,-0.1111111111111111,0.4444444444444444,1.0,0.6923076923076923,9,13
3060,0.6666666666666666,0.5333333333333332,-0.3333333333333333,0.33333333333333337,1.0,0.5,6,12
3061,0.962962962962963,0.8518518518518519,0.23076923076923078,0.6153846153846154,1.0,0.9285714285714286,13,14
3062,0.962962962962963,0.8407407407407407,0.15384615384615385,0.5769230769230769,1.0,0.9285714285714286,13,14
3063,0.761904761904762,0.6802721088435374,0.2857142857142857,0.6428571428571428,1.0,0.6153846153846154,8,13
3064,0.846153846153846,0.7446153846153845,0.2,0.6,1.0,0.7333333333333333,11,15
3065,0.7142857142857143,0.6619047619047619,0.5111111111111111,0.7555555555555555,1.0,0.5555555555555556,10,18
3066,0.4444444444444445,0.42063492063492064,0.6428571428571429,0.8214285714285714,1.0,0.2857142857142857,8,28
3067,0.5454545454545454,0.47272727272727266,0.1111111111111111,0.5555555555555556,1.0,0.375,9,24
3068,0.7586206896551725,0.6841379310344827,0.34545454545454546,0.6727272727272727,1.0,0.6111111111111112,11,18
3069,0.6,0.5199999999999999,0.1111111111111111,0.5555555555555556,1.0,0.42857142857142855,9,21
3070,0.7142857142857143,0.6040816326530611,-0.02857142857142857,0.4857142857142857,1.0,0.5555555555555556,15,27
3071,0.32258064516129037,0.2741935483870968,0.0,0.5,1.0,0.19230769230769232,5,26
3072,0.787878787878788,0.6787878787878788,0.07692307692307693,0.5384615384615384,1.0,0.65,13,20
3073,0.42857142857142855,0.3714285714285714,0.1111111111111111,0.5555555555555556,1.0,0.2727272727272727,9,33
3074,0.6896551724137931,0.6206896551724138,0.3333333333333333,0.6666666666666666,1.0,0.5263157894736842,10,19
3075,0.6470588235294118,0.52,-0.3090909090909091,0.34545454545454546,1.0,0.4782608695652174,11,23
3076,0.7272727272727273,0.6103896103896104,-0.07142857142857142,0.4642857142857143,1.0,0.5714285714285714,8,14
3077,0.9047619047619047,0.7968253968253967,0.2046783625730994,0.6023391812865497,1.0,0.8260869565217391,19,23
3078,0.4666666666666667,0.42,0.3333333333333333,0.6666666666666666,1.0,0.30434782608695654,7,23
3079,0.7368421052631579,0.6210526315789473,-0.047619047619047616,0.47619047619047616,1.0,0.5833333333333334,7,12
3080,0.5925925925925926,0.5291005291005291,0.2857142857142857,0.6428571428571428,1.0,0.42105263157894735,8,19
3082,0.6451612903225806,0.546236559139785,-0.022222222222222223,0.4888888888888889,1.0,0.47619047619047616,10,21
3083,1.0,0.8272727272727272,-0.15151515151515152,0.42424242424242425,1.0,1.0,12,12
3084,0.7000000000000001,0.63,0.3333333333333333,0.6666666666666666,1.0,0.5384615384615384,7,13
3085,0.5405405405405406,0.4252252252252252,-0.4222222222222222,0.28888888888888886,1.0,0.37037037037037035,10,27
3088,0.5,0.43999999999999995,0.2,0.6,1.0,0.3333333333333333,6,18
3089,0.7142857142857143,0.6333333333333333,0.24444444444444444,0.6222222222222222,1.0,0.5555555555555556,10,18
3090,0.6451612903225806,0.5118279569892473,-0.37777777777777777,0.3111111111111111,1.0,0.47619047619047616,10,21
3091,0.8,0.7527272727272727,0.6060606060606061,0.803030303030303,1.0,0.6666666666666666,12,18
3092,0.761904761904762,0.6476190476190476,0.0,0.5,1.0,0.6153846153846154,8,13
3094,0.5555555555555556,0.48518518518518516,0.15555555555555556,0.5777777777777777,1.0,0.38461538461538464,10,26
3096,0.56,0.528,0.6190476190476191,0.8095238095238095,1.0,0.3888888888888889,7,18
3097,0.6923076923076924,0.5711538461538462,-0.16666666666666666,0.4166666666666667,1.0,0.5294117647058824,9,17
3098,0.6060606060606061,0.509090909090909,-0.06666666666666667,0.4666666666666667,1.0,0.43478260869565216,10,23
3099,0.6666666666666666,0.5722222222222222,0.05555555555555555,0.5277777777777778,1.0,0.5,9,18
3101,0.4444444444444445,0.34444444444444444,-0.5,0.25,1.0,0.2857142857142857,8,28
3102,0.761904761904762,0.7292517006802721,0.7142857142857143,0.8571428571428572,1.0,0.6153846153846154,8,13
3103,0.5625,0.42656249999999996,-0.6111111111111112,0.19444444444444442,1.0,0.391304347826087,9,23
3105,0.4117647058823529,0.31764705882352934,-0.5238095238095238,0.23809523809523808,1.0,0.25925925925925924,7,27
3106,0.6956521739130436,0.5540372670807454,-0.35714285714285715,0.3214285714285714,1.0,0.5333333333333333,8,15
3107,0.37837837837837834,0.3459459459459459,0.42857142857142855,0.7142857142857143,1.0,0.23333333333333334,7,30
3109,0.5294117647058824,0.43676470588235294,-0.16666666666666666,0.4166666666666667,1.0,0.36,9,25
3110,0.6896551724137931,0.542528735632184,-0.4222222222222222,0.28888888888888886,1.0,0.5263157894736842,10,19
3111,0.5789473684210525,0.46210526315789463,-0.34545454545454546,0.32727272727272727,1.0,0.4074074074074074,11,27
3113,0.42857142857142855,0.3257142857142857,-0.6,0.2,1.0,0.2727272727272727,6,22
3114,0.6,0.51,0.0,0.5,1.0,0.42857142857142855,9,21
3115,0.6,0.5349999999999999,0.2777777777777778,0.6388888888888888,1.0,0.42857142857142855,9,21
3116,0.5217391304347826,0.43826086956521737,-0.06666666666666667,0.4666666666666667,1.0,0.35294117647058826,6,17
3117,0.7499999999999999,0.6874999999999999,0.4444444444444444,0.7222222222222222,1.0,0.6,9,15
3118,0.6666666666666666,0.591111111111111,0.24444444444444444,0.6222222222222222,1.0,0.5,10,20
3119,0.5454545454545454,0.45818181818181813,-0.06666666666666667,0.4666666666666667,1.0,0.375,6,16
3120,0.5217391304347826,0.4695652173913043,0.3333333333333333,0.6666666666666666,1.0,0.35294117647058826,6,17
3121,0.7000000000000001,0.5846153846153846,-0.0989010989010989,0.45054945054945056,1.0,0.5384615384615384,14,26
3122,0.7142857142857143,0.619047619047619,0.1111111111111111,0.5555555555555556,1.0,0.5555555555555556,10,18
3124,0.42857142857142855,0.39428571428571424,0.4666666666666667,0.7333333333333334,1.0,0.2727272727272727,6,22
3125,0.8,0.7054545454545456,0.21212121212121213,0.6060606060606061,1.0,0.6666666666666666,12,18
3126,0.6206896551724138,0.5534482758620689,0.2777777777777778,0.6388888888888888,1.0,0.45,9,20
3127,0.5714285714285715,0.5028571428571429,0.2,0.6,1.0,0.4,6,15
3128,0.5517241379310345,0.4807881773399014,0.14285714285714285,0.5714285714285714,1.0,0.38095238095238093,8,21
3130,0.6206896551724138,0.5689655172413793,0.4444444444444444,0.7222222222222222,1.0,0.45,9,20
3131,0.6666666666666666,0.591111111111111,0.24444444444444444,0.6222222222222222,1.0,0.5,10,20
3132,0.4827586206896552,0.4068965517241379,-0.047619047619047616,0.47619047619047616,1.0,0.3181818181818182,7,22
3133,0.5333333333333333,0.5047619047619047,0.6428571428571429,0.8214285714285714,1.0,0.36363636363636365,8,22
3134,0.5714285714285715,0.4979591836734694,0.14285714285714285,0.5714285714285714,1.0,0.4,8,20
3135,0.6,0.48499999999999993,-0.2777777777777778,0.3611111111111111,1.0,0.42857142857142855,9,21
3136,0.6666666666666666,0.5888888888888888,0.2222222222222222,0.6111111111111112,1.0,0.5,9,18
3137,0.3846153846153846,0.3615384615384615,0.6,0.8,1.0,0.23809523809523808,5,21
3138,0.7333333333333334,0.6493333333333333,0.23636363636363636,0.6181818181818182,1.0,0.5789473684210527,11,19
3140,0.5882352941176471,0.4745098039215686,-0.28888888888888886,0.35555555555555557,1.0,0.4166666666666667,10,24
3141,0.5454545454545454,0.46909090909090906,0.06666666666666667,0.5333333333333333,1.0,0.375,6,16
3142,0.7499999999999999,0.7090909090909089,0.6363636363636364,0.8181818181818181,1.0,0.6,12,20
3143,0.6666666666666666,0.5511111111111111,-0.15555555555555556,0.4222222222222222,1.0,0.5,10,20
3144,0.7272727272727273,0.6181818181818182,0.0,0.5,1.0,0.5714285714285714,8,14
3145,0.4864864864864865,0.4135135135135135,0.0,0.5,1.0,0.32142857142857145,9,28
3146,0.5384615384615384,0.43076923076923074,-0.3333333333333333,0.33333333333333337,1.0,0.3684210526315789,7,19
3147,0.7586206896551725,0.6551724137931034,0.09090909090909091,0.5454545454545454,0.6111111111111112,1.0,18,11
3148,0.4444444444444445,0.37333333333333335,-0.06666666666666667,0.4666666666666667,1.0,0.2857142857142857,6,21
3149,0.2571428571428572,0.22071428571428572,0.05555555555555555,0.5277777777777778,1.0,0.14754098360655737,9,61
3150,0.8333333333333333,0.7095238095238094,0.009523809523809525,0.5047619047619047,1.0,0.7142857142857143,15,21
3152,0.6666666666666666,0.5575757575757575,-0.09090909090909091,0.45454545454545453,1.0,0.5,12,24
3153,0.6206896551724138,0.5224137931034483,-0.05555555555555555,0.4722222222222222,1.0,0.45,9,20
3155,0.6428571428571429,0.5571428571428572,0.1111111111111111,0.5555555555555556,1.0,0.47368421052631576,9,19
3157,0.6666666666666666,0.6166666666666666,0.5,0.75,1.0,0.5,9,18
3158,0.6956521739130436,0.5987577639751553,0.07142857142857142,0.5357142857142857,1.0,0.5333333333333333,8,15
3159,0.5714285714285715,0.5142857142857143,0.3333333333333333,0.6666666666666666,1.0,0.4,6,15
3160,0.7142857142857143,0.6523809523809524,0.4222222222222222,0.7111111111111111,1.0,0.5555555555555556,10,18
3161,0.7096774193548387,0.6245161290322581,0.2,0.6,1.0,0.55,11,20
3162,0.47058823529411764,0.4201680672268907,0.2857142857142857,0.6428571428571428,1.0,0.3076923076923077,8,26
3163,0.5555555555555556,0.44074074074074077,-0.37777777777777777,0.3111111111111111,1.0,0.38461538461538464,10,26
3165,0.8571428571428571,0.8064935064935064,0.6060606060606061,0.803030303030303,1.0,0.75,12,16
3166,0.6206896551724138,0.496551724137931,-0.3333333333333333,0.33333333333333337,1.0,0.45,9,20
3167,0.6451612903225806,0.5849462365591397,0.37777777777777777,0.6888888888888889,1.0,0.47619047619047616,10,21
3168,0.8571428571428571,0.7714285714285714,0.3333333333333333,0.6666666666666666,1.0,0.75,9,12
3169,0.5,0.4464285714285714,0.2857142857142857,0.6428571428571428,1.0,0.3333333333333333,8,24
3170,0.5217391304347826,0.4799999999999999,0.4666666666666667,0.7333333333333334,1.0,0.35294117647058826,6,17
3171,0.8333333333333333,0.7,-0.06666666666666667,0.4666666666666667,1.0,0.7142857142857143,10,14
3172,0.4444444444444445,0.36444444444444446,-0.2,0.4,1.0,0.2857142857142857,6,21
3173,0.7499999999999999,0.6812499999999998,0.3888888888888889,0.6944444444444444,1.0,0.6,9,15
3175,0.72,0.618,0.05555555555555555,0.5277777777777778,1.0,0.5625,9,16
3176,0.6896551724137931,0.5793103448275863,-0.06666666666666667,0.4666666666666667,1.0,0.5263157894736842,10,19
3177,0.4444444444444445,0.4088888888888889,0.4666666666666667,0.7333333333333334,1.0,0.2857142857142857,6,21
3178,0.7272727272727273,0.6578512396694215,0.36363636363636365,0.6818181818181819,1.0,0.5714285714285714,12,21
3179,0.5833333333333334,0.47500000000000003,-0.23809523809523808,0.38095238095238093,1.0,0.4117647058823529,7,17
3180,0.6923076923076924,0.651923076923077,0.6111111111111112,0.8055555555555556,1.0,0.5294117647058824,9,17
3181,0.5263157894736842,0.4157894736842105,-0.4,0.3,1.0,0.35714285714285715,5,14
3182,0.6923076923076924,0.5884615384615385,0.0,0.5,1.0,0.5294117647058824,9,17
3183,0.9473684210526316,0.8921052631578947,0.6111111111111112,0.8055555555555556,1.0,0.9,9,10
3184,0.6285714285714286,0.5394285714285714,0.05454545454545454,0.5272727272727272,1.0,0.4583333333333333,11,24
3185,0.923076923076923,0.8265734265734265,0.30303030303030304,0.6515151515151515,1.0,0.8571428571428571,12,14
3186,0.6399999999999999,0.5988571428571428,0.5714285714285714,0.7857142857142857,1.0,0.47058823529411764,8,17
3187,0.6896551724137931,0.6298850574712644,0.4222222222222222,0.7111111111111111,1.0,0.5263157894736842,10,19
3188,0.4666666666666667,0.42,0.3333333333333333,0.6666666666666666,1.0,0.30434782608695654,7,23
3189,0.5925925925925926,0.5291005291005291,0.2857142857142857,0.6428571428571428,1.0,0.42105263157894735,8,19
3190,0.8,0.712,0.26666666666666666,0.6333333333333333,1.0,0.6666666666666666,16,24
3191,0.5454545454545454,0.5345454545454545,0.8666666666666667,0.9333333333333333,1.0,0.375,6,16
3192,0.8095238095238095,0.7059523809523809,0.14705882352941177,0.5735294117647058,1.0,0.68,17,25
3193,0.5454545454545454,0.459090909090909,-0.05555555555555555,0.4722222222222222,1.0,0.375,9,24
3194,0.7499999999999999,0.6874999999999999,0.4444444444444444,0.7222222222222222,1.0,0.6,9,15
3195,0.9090909090909091,0.8363636363636363,0.4666666666666667,0.7333333333333334,0.8333333333333334,1.0,12,10
3196,0.8484848484848484,0.7729603729603728,0.4065934065934066,0.7032967032967032,1.0,0.7368421052631579,14,19
3197,0.631578947368421,0.5431578947368421,0.06666666666666667,0.5333333333333333,1.0,0.46153846153846156,6,13
3198,0.45161290322580644,0.43225806451612897,0.7142857142857143,0.8571428571428572,1.0,0.2916666666666667,7,24
3199,0.6857142857142856,0.6015584415584414,0.18181818181818182,0.5909090909090909,1.0,0.5217391304347826,12,23
3200,0.8,0.6880000000000001,0.06666666666666667,0.5333333333333333,1.0,0.6666666666666666,10,15
3201,0.888888888888889,0.7474747474747474,-0.06060606060606061,0.4696969696969697,0.8,1.0,15,12
3202,0.7000000000000001,0.62,0.23809523809523808,0.6190476190476191,1.0,0.5384615384615384,7,13
3203,0.5882352941176471,0.5333333333333333,0.37777777777777777,0.6888888888888889,1.0,0.4166666666666667,10,24
3204,0.6,0.525,0.16666666666666666,0.5833333333333334,1.0,0.42857142857142855,9,21
3207,0.761904761904762,0.6557823129251701,0.07142857142857142,0.5357142857142857,1.0,0.6153846153846154,8,13
3208,0.761904761904762,0.6647619047619048,0.15,0.575,1.0,0.6153846153846154,16,26
3209,0.6086956521739131,0.4782608695652174,-0.42857142857142855,0.2857142857142857,1.0,0.4375,7,16
3210,0.6470588235294118,0.5729411764705882,0.23636363636363636,0.6181818181818182,1.0,0.4782608695652174,11,23
3211,0.8,0.74,0.5,0.75,1.0,0.6666666666666666,8,12
3212,0.5384615384615384,0.49999999999999994,0.5238095238095238,0.7619047619047619,1.0,0.3684210526315789,7,19
3213,0.7499999999999999,0.6579545454545453,0.18181818181818182,0.5909090909090909,1.0,0.6,12,20
3214,0.6956521739130436,0.6509316770186336,0.5714285714285714,0.7857142857142857,1.0,0.5333333333333333,8,15
3215,0.6451612903225806,0.5720430107526882,0.24444444444444444,0.6222222222222222,1.0,0.47619047619047616,10,21
3216,0.7368421052631579,0.6105263157894736,-0.14285714285714285,0.4285714285714286,1.0,0.5833333333333334,14,24
3217,0.7499999999999999,0.5937499999999999,-0.3888888888888889,0.3055555555555556,1.0,0.6,9,15
3218,0.45454545454545453,0.42727272727272725,0.6,0.8,1.0,0.29411764705882354,5,17
3219,0.5333333333333333,0.47619047619047616,0.2857142857142857,0.6428571428571428,1.0,0.36363636363636365,8,22
3220,0.5,0.43,0.06666666666666667,0.5333333333333333,1.0,0.3333333333333333,6,18
3221,0.7142857142857143,0.6476190476190476,0.37777777777777777,0.6888888888888889,1.0,0.5555555555555556,10,18
3222,0.8750000000000001,0.7625,0.14285714285714285,0.5714285714285714,1.0,0.7777777777777778,7,9
3223,0.4444444444444445,0.35873015873015873,-0.2857142857142857,0.35714285714285715,1.0,0.2857142857142857,8,28
3224,0.7567567567567568,0.651975051975052,0.07692307692307693,0.5384615384615384,1.0,0.6086956521739131,14,23
3225,0.9600000000000001,0.850909090909091,0.24242424242424243,0.6212121212121212,1.0,0.9230769230769231,12,13
3227,0.2222222222222222,0.2222222222222222,1.0,1.0,0.125,1.0,8,1
3229,0.761904761904762,0.7104761904761905,0.55,0.775,1.0,0.6153846153846154,16,26
3230,0.7142857142857143,0.6619047619047619,0.5111111111111111,0.7555555555555555,1.0,0.5555555555555556,10,18
3231,0.8695652173913044,0.8057971014492754,0.5111111111111111,0.7555555555555555,1.0,0.7692307692307693,10,13
3232,0.6086956521739131,0.5130434782608695,-0.047619047619047616,0.47619047619047616,1.0,0.4375,7,16
3233,0.6896551724137931,0.5839080459770115,-0.022222222222222223,0.4888888888888889,1.0,0.5263157894736842,10,19
3234,0.625,0.5625,0.3333333333333333,0.6666666666666666,1.0,0.45454545454545453,10,22
3236,0.5714285714285715,0.5142857142857143,0.3333333333333333,0.6666666666666666,1.0,0.4,6,15
3237,0.3846153846153846,0.3846153846153846,1.0,1.0,1.0,0.23809523809523808,5,21
3238,0.5714285714285715,0.5040816326530613,0.21428571428571427,0.6071428571428571,1.0,0.4,8,20
3239,0.6399999999999999,0.5714285714285713,0.2857142857142857,0.6428571428571428,1.0,0.47058823529411764,8,17
3240,0.7272727272727273,0.6649350649350649,0.42857142857142855,0.7142857142857143,1.0,0.5714285714285714,8,14
3241,0.5714285714285715,0.44952380952380955,-0.4222222222222222,0.28888888888888886,1.0,0.4,10,25
3242,0.5714285714285715,0.49523809523809526,0.1111111111111111,0.5555555555555556,1.0,0.4,10,25
3243,0.625,0.49583333333333335,-0.37777777777777777,0.3111111111111111,1.0,0.45454545454545453,10,22
3244,0.6399999999999999,0.5508571428571427,0.07142857142857142,0.5357142857142857,1.0,0.47058823529411764,8,17
3245,0.4347826086956522,0.391304347826087,0.3333333333333333,0.6666666666666666,1.0,0.2777777777777778,10,36
3246,0.5333333333333333,0.4647619047619047,0.14285714285714285,0.5714285714285714,1.0,0.36363636363636365,8,22
3248,0.5,0.44285714285714284,0.23809523809523808,0.6190476190476191,1.0,0.3333333333333333,7,21
3249,0.9090909090909091,0.7999999999999998,0.2,0.6,1.0,0.8333333333333334,10,12
3250,0.6896551724137931,0.5839080459770115,-0.022222222222222223,0.4888888888888889,1.0,0.5263157894736842,10,19
3251,0.6206896551724138,0.496551724137931,-0.3333333333333333,0.33333333333333337,1.0,0.45,9,20
3252,0.5116279069767442,0.4390697674418605,0.05454545454545454,0.5272727272727272,1.0,0.34375,11,32
3253,0.5714285714285715,0.48000000000000004,-0.06666666666666667,0.4666666666666667,1.0,0.4,10,25
3254,0.6666666666666666,0.5564102564102563,-0.10256410256410256,0.44871794871794873,1.0,0.5,13,26
3255,0.7499999999999999,0.6749999999999998,0.3333333333333333,0.6666666666666666,1.0,0.6,12,20
3256,0.6153846153846153,0.4967032967032966,-0.2857142857142857,0.35714285714285715,1.0,0.4444444444444444,8,18
3257,0.5,0.4089285714285714,-0.21428571428571427,0.39285714285714285,1.0,0.3333333333333333,8,24
3258,0.6896551724137931,0.5839080459770115,-0.022222222222222223,0.4888888888888889,1.0,0.5263157894736842,10,19
3259,0.4827586206896552,0.4068965517241379,-0.047619047619047616,0.47619047619047616,1.0,0.3181818181818182,7,22
3260,0.5,0.4481818181818181,0.3090909090909091,0.6545454545454545,1.0,0.3333333333333333,11,33
3261,0.1923076923076923,0.16346153846153844,0.0,0.5,1.0,0.10638297872340426,5,47
3262,0.4210526315789474,0.37142857142857144,0.21428571428571427,0.6071428571428571,1.0,0.26666666666666666,8,30
3263,0.5714285714285715,0.5224489795918368,0.42857142857142855,0.7142857142857143,1.0,0.4,8,20
3265,0.7142857142857143,0.6142857142857143,0.06666666666666667,0.5333333333333333,1.0,0.5555555555555556,10,18
3266,0.5517241379310345,0.5044334975369458,0.42857142857142855,0.7142857142857143,1.0,0.38095238095238093,8,21
3267,0.782608695652174,0.7108695652173912,0.3888888888888889,0.6944444444444444,1.0,0.6428571428571429,9,14
3268,0.4347826086956522,0.3826086956521739,0.2,0.6,1.0,0.2777777777777778,5,18
3269,0.6363636363636364,0.5454545454545454,0.047619047619047616,0.5238095238095238,1.0,0.4666666666666667,7,15
3270,0.47619047619047616,0.4047619047619047,0.0,0.5,1.0,0.3125,5,16
3271,0.5263157894736842,0.4947368421052631,0.6,0.8,1.0,0.35714285714285715,5,14
3272,0.5714285714285715,0.5040816326530613,0.21428571428571427,0.6071428571428571,1.0,0.4,8,20
3273,0.5925925925925926,0.5037037037037037,0.0,0.5,1.0,0.42105263157894735,8,19
3274,0.6666666666666666,0.638095238095238,0.7142857142857143,0.8571428571428572,1.0,0.5,8,16
3275,0.5714285714285715,0.48000000000000004,-0.06666666666666667,0.4666666666666667,1.0,0.4,6,15
3276,0.6,0.49199999999999994,-0.2,0.4,1.0,0.42857142857142855,6,14
3277,0.6923076923076924,0.5884615384615385,0.0,0.5,1.0,0.5294117647058824,9,17
3278,0.6206896551724138,0.5482758620689655,0.2222222222222222,0.6111111111111112,1.0,0.45,9,20
3279,0.5142857142857142,0.44142857142857134,0.05555555555555555,0.5277777777777778,1.0,0.34615384615384615,9,26
3280,0.7142857142857143,0.6714285714285714,0.6,0.8,1.0,0.5555555555555556,5,9
3281,0.45161290322580644,0.39999999999999997,0.23809523809523808,0.6190476190476191,1.0,0.2916666666666667,7,24
3282,0.4615384615384615,0.38769230769230767,-0.06666666666666667,0.4666666666666667,1.0,0.3,6,20
3283,0.6896551724137931,0.6298850574712644,0.4222222222222222,0.7111111111111111,1.0,0.5263157894736842,10,19
3284,0.5714285714285715,0.4914285714285715,0.06666666666666667,0.5333333333333333,1.0,0.4,6,15
3285,0.5333333333333333,0.5066666666666666,0.6666666666666666,0.8333333333333333,1.0,0.36363636363636365,4,11
3287,0.7272727272727273,0.6571428571428571,0.35714285714285715,0.6785714285714286,1.0,0.5714285714285714,8,14
3288,0.625,0.5874999999999999,0.6,0.8,1.0,0.45454545454545453,5,11
3289,0.9600000000000001,0.7767272727272728,-0.2727272727272727,0.36363636363636365,1.0,0.9230769230769231,12,13
3291,0.5,0.39499999999999996,-0.4,0.3,1.0,0.3333333333333333,5,15
3292,0.625,0.60625,0.8,0.9,1.0,0.45454545454545453,5,11
3293,0.6399999999999999,0.5988571428571428,0.5714285714285714,0.7857142857142857,1.0,0.47058823529411764,8,17
3294,0.4,0.34,0.0,0.5,1.0,0.25,4,16
3295,0.8421052631578948,0.7789473684210526,0.5,0.75,1.0,0.7272727272727273,8,11
3296,0.5454545454545454,0.4799999999999999,0.2,0.6,1.0,0.375,6,16
3297,0.5625,0.5203125,0.5,0.75,1.0,0.391304347826087,9,23
3298,0.36,0.294,-0.2222222222222222,0.3888888888888889,1.0,0.21951219512195122,9,41
3299,0.7777777777777778,0.6854700854700855,0.2087912087912088,0.6043956043956044,1.0,0.6363636363636364,14,22
3300,0.6153846153846153,0.5428571428571428,0.21428571428571427,0.6071428571428571,1.0,0.4444444444444444,8,18
3301,0.2857142857142857,0.2571428571428571,0.3333333333333333,0.6666666666666666,1.0,0.16666666666666666,3,18
3302,0.8125000000000001,0.728125,0.3076923076923077,0.6538461538461539,1.0,0.6842105263157895,13,19
3303,0.4799999999999999,0.3839999999999999,-0.3333333333333333,0.33333333333333337,1.0,0.3157894736842105,6,19
3304,0.6896551724137931,0.5931034482758621,0.06666666666666667,0.5333333333333333,1.0,0.5263157894736842,10,19
3305,0.6,0.5399999999999999,0.3333333333333333,0.6666666666666666,1.0,0.42857142857142855,6,14
3306,0.47619047619047616,0.4333333333333333,0.4,0.7,1.0,0.3125,5,16
3307,0.6399999999999999,0.5645714285714285,0.21428571428571427,0.6071428571428571,1.0,0.47058823529411764,8,17
3308,0.8333333333333333,0.711111111111111,0.022222222222222223,0.5111111111111111,1.0,0.7142857142857143,10,14
3309,0.6399999999999999,0.537142857142857,-0.07142857142857142,0.4642857142857143,1.0,0.47058823529411764,8,17
3310,0.37037037037037035,0.29259259259259257,-0.4,0.3,1.0,0.22727272727272727,5,22
3311,0.5714285714285715,0.5371428571428571,0.6,0.8,1.0,0.4,6,15
3312,0.4,0.32,-0.3333333333333333,0.33333333333333337,1.0,0.25,6,24
3313,0.5625,0.5203125,0.5,0.75,1.0,0.391304347826087,9,23
3314,0.4827586206896552,0.41379310344827586,0.047619047619047616,0.5238095238095238,1.0,0.3181818181818182,7,22
3315,0.6923076923076924,0.6288461538461538,0.3888888888888889,0.6944444444444444,1.0,0.5294117647058824,9,17
3316,0.5,0.42857142857142855,0.047619047619047616,0.5238095238095238,1.0,0.3333333333333333,7,21
3317,0.8181818181818181,0.7363636363636362,0.3333333333333333,0.6666666666666666,1.0,0.6923076923076923,9,13
3318,0.5454545454545454,0.49090909090909085,0.3333333333333333,0.6666666666666666,1.0,0.375,6,16
3319,0.6086956521739131,0.5565217391304348,0.42857142857142855,0.7142857142857143,1.0,0.4375,7,16
3320,0.4210526315789474,0.4,0.6666666666666666,0.8333333333333333,1.0,0.26666666666666666,4,15
3321,0.5454545454545454,0.4799999999999999,0.2,0.6,1.0,0.375,6,16
3322,0.56,0.48000000000000004,0.047619047619047616,0.5238095238095238,1.0,0.3888888888888889,7,18
3323,0.7368421052631579,0.6421052631578946,0.14285714285714285,0.5714285714285714,1.0,0.5833333333333334,7,12
3324,0.5185185185185185,0.4592592592592592,0.23809523809523808,0.6190476190476191,1.0,0.35,7,20
3325,0.72,0.63,0.16666666666666666,0.5833333333333334,1.0,0.5625,9,16
3326,0.6206896551724138,0.5586206896551724,0.3333333333333333,0.6666666666666666,1.0,0.45,9,20
3327,0.7142857142857143,0.619047619047619,0.1111111111111111,0.5555555555555556,1.0,0.5555555555555556,10,18
3328,0.5833333333333334,0.55,0.6190476190476191,0.8095238095238095,1.0,0.4117647058823529,7,17
3329,0.47619047619047616,0.41904761904761895,0.2,0.6,1.0,0.3125,5,16
3330,0.6666666666666666,0.5499999999999999,-0.16666666666666666,0.4166666666666667,1.0,0.5,9,18
3331,0.846153846153846,0.666153846153846,-0.41818181818181815,0.2909090909090909,1.0,0.7333333333333333,11,15
3332,0.8148148148148148,0.7037037037037036,0.09090909090909091,0.5454545454545454,1.0,0.6875,11,16
3333,0.7741935483870968,0.6334310850439882,-0.21212121212121213,0.3939393939393939,1.0,0.631578947368421,12,19
3334,0.6666666666666666,0.5333333333333332,-0.3333333333333333,0.33333333333333337,1.0,0.5,7,14
3335,0.9411764705882353,0.8070588235294117,0.05,0.525,0.8888888888888888,1.0,18,16
3336,0.27777777777777773,0.23611111111111108,0.0,0.5,1.0,0.16129032258064516,5,31
3337,0.4615384615384615,0.42461538461538456,0.4666666666666667,0.7333333333333334,1.0,0.3,6,20
3338,0.8333333333333333,0.7166666666666666,0.06666666666666667,0.5333333333333333,1.0,0.7142857142857143,10,14
3339,0.761904761904762,0.6884353741496598,0.35714285714285715,0.6785714285714286,1.0,0.6153846153846154,8,13
3340,0.6857142857142856,0.6327272727272726,0.48484848484848486,0.7424242424242424,1.0,0.5217391304347826,12,23
3341,0.5555555555555556,0.5555555555555556,1.0,1.0,1.0,0.38461538461538464,5,13
3342,0.4615384615384615,0.42461538461538456,0.4666666666666667,0.7333333333333334,1.0,0.3,6,20
3343,0.6896551724137931,0.6114942528735632,0.24444444444444444,0.6222222222222222,1.0,0.5263157894736842,10,19
3345,0.6,0.5279999999999999,0.2,0.6,1.0,0.42857142857142855,6,14
3346,0.7499999999999999,0.6249999999999999,-0.1111111111111111,0.4444444444444444,1.0,0.6,9,15
3347,0.42857142857142855,0.37714285714285706,0.2,0.6,1.0,0.2727272727272727,6,22
3348,0.6666666666666666,0.591111111111111,0.24444444444444444,0.6222222222222222,1.0,0.5,10,20
3349,0.6,0.5399999999999999,0.3333333333333333,0.6666666666666666,1.0,0.42857142857142855,6,14
3351,0.4666666666666667,0.41333333333333333,0.23809523809523808,0.6190476190476191,1.0,0.30434782608695654,7,23
3352,0.8181818181818181,0.743181818181818,0.3888888888888889,0.6944444444444444,1.0,0.6923076923076923,9,13
3353,0.5925925925925926,0.5417989417989417,0.42857142857142855,0.7142857142857143,1.0,0.42105263157894735,8,19
3354,0.6923076923076924,0.5942307692307692,0.05555555555555555,0.5277777777777778,1.0,0.5294117647058824,9,17
3355,0.45454545454545453,0.3999999999999999,0.2,0.6,1.0,0.29411764705882354,5,17
3357,0.5833333333333334,0.48333333333333334,-0.14285714285714285,0.4285714285714286,1.0,0.4117647058823529,7,17
3358,0.5263157894736842,0.4157894736842105,-0.4,0.3,1.0,0.35714285714285715,5,14
3359,0.5833333333333334,0.5083333333333333,0.14285714285714285,0.5714285714285714,1.0,0.4117647058823529,7,17
3360,0.6,0.5049999999999999,-0.05555555555555555,0.4722222222222222,1.0,0.42857142857142855,9,21
3361,0.5,0.425,0.0,0.5,1.0,0.3333333333333333,4,12
3362,0.5714285714285715,0.4571428571428572,-0.3333333333333333,0.33333333333333337,1.0,0.4,4,10
3363,0.5185185185185185,0.4666666666666666,0.3333333333333333,0.6666666666666666,1.0,0.35,7,20
3364,0.5454545454545454,0.5018181818181817,0.4666666666666667,0.7333333333333334,1.0,0.375,6,16
3365,0.5384615384615384,0.4615384615384615,0.047619047619047616,0.5238095238095238,1.0,0.3684210526315789,7,19
3366,0.6428571428571429,0.5839285714285714,0.3888888888888889,0.6944444444444444,1.0,0.47368421052631576,9,19
3367,0.6666666666666666,0.588095238095238,0.21428571428571427,0.6071428571428571,1.0,0.5,8,16
3368,0.7000000000000001,0.56,-0.3333333333333333,0.33333333333333337,1.0,0.5384615384615384,7,13
3369,0.5384615384615384,0.4923076923076923,0.42857142857142855,0.7142857142857143,1.0,0.3684210526315789,7,19
3370,0.6666666666666666,0.5809523809523809,0.14285714285714285,0.5714285714285714,1.0,0.5,8,16
3371,0.5925925925925926,0.5227513227513227,0.21428571428571427,0.6071428571428571,1.0,0.42105263157894735,8,19
3372,0.5454545454545454,0.4145454545454545,-0.6,0.2,1.0,0.375,6,16
3373,0.6153846153846153,0.4967032967032966,-0.2857142857142857,0.35714285714285715,1.0,0.4444444444444444,8,18
3374,0.4,0.32,-0.3333333333333333,0.33333333333333337,1.0,0.25,4,16
3375,0.5185185185185185,0.4296296296296296,-0.14285714285714285,0.4285714285714286,1.0,0.35,7,20
3376,0.6666666666666666,0.5644444444444444,-0.022222222222222223,0.4888888888888889,1.0,0.5,10,20
3377,0.7272727272727273,0.6805194805194805,0.5714285714285714,0.7857142857142857,1.0,0.5714285714285714,8,14
3378,0.6086956521739131,0.46956521739130436,-0.5238095238095238,0.23809523809523808,1.0,0.4375,7,16
3379,0.5714285714285715,0.43428571428571433,-0.6,0.2,1.0,0.4,6,15
3380,0.4615384615384615,0.3784615384615384,-0.2,0.4,1.0,0.3,6,20
3381,0.5,0.4214285714285714,-0.047619047619047616,0.47619047619047616,1.0,0.3333333333333333,7,21
3382,0.5714285714285715,0.5040816326530613,0.21428571428571427,0.6071428571428571,1.0,0.4,8,20
3383,0.761904761904762,0.6965986394557824,0.42857142857142855,0.7142857142857143,1.0,0.6153846153846154,8,13
3384,0.3870967741935484,0.31741935483870964,-0.2,0.4,1.0,0.24,6,25
3386,0.5454545454545454,0.4145454545454545,-0.6,0.2,1.0,0.375,6,16
3388,0.56,0.472,-0.047619047619047616,0.47619047619047616,1.0,0.3888888888888889,7,18
3389,0.5384615384615384,0.4615384615384615,0.047619047619047616,0.5238095238095238,1.0,0.3684210526315789,7,19
3390,0.5217391304347826,0.4904347826086956,0.6,0.8,1.0,0.35294117647058826,6,17
3391,0.8,0.7306666666666667,0.4222222222222222,0.7111111111111111,1.0,0.6666666666666666,10,15
3392,0.888888888888889,0.7797979797979798,0.18181818181818182,0.5909090909090909,1.0,0.8,12,15
3393,0.6399999999999999,0.537142857142857,-0.07142857142857142,0.4642857142857143,1.0,0.47058823529411764,8,17
3394,0.6666666666666666,0.638095238095238,0.7142857142857143,0.8571428571428572,1.0,0.5,8,16
3395,0.6896551724137931,0.6068965517241379,0.2,0.6,1.0,0.5263157894736842,10,19
3396,0.6923076923076924,0.6403846153846154,0.5,0.75,1.0,0.5294117647058824,9,17
3397,0.6956521739130436,0.591304347826087,0.0,0.5,1.0,0.5333333333333333,8,15
3398,0.47619047619047616,0.4047619047619047,0.0,0.5,1.0,0.3125,5,16
3399,0.7499999999999999,0.6599999999999998,0.2,0.6,1.0,0.6,6,10
3400,0.6,0.51,0.0,0.5,1.0,0.42857142857142855,9,21
3401,0.7142857142857143,0.6714285714285714,0.6,0.8,1.0,0.5555555555555556,10,18
3402,0.6956521739130436,0.6211180124223603,0.2857142857142857,0.6428571428571428,1.0,0.5333333333333333,8,15
3403,0.4666666666666667,0.44,0.6190476190476191,0.8095238095238095,1.0,0.30434782608695654,7,23
3405,0.7058823529411764,0.5807486631016041,-0.18181818181818182,0.40909090909090906,1.0,0.5454545454545454,12,22
3406,0.6363636363636364,0.49090909090909085,-0.5238095238095238,0.23809523809523808,1.0,0.4666666666666667,7,15
3407,0.2857142857142857,0.2857142857142857,1.0,1.0,0.16666666666666666,1.0,6,1
3408,0.5454545454545454,0.4363636363636363,-0.3333333333333333,0.33333333333333337,1.0,0.375,6,16
3409,0.7586206896551725,0.6758620689655173,0.2727272727272727,0.6363636363636364,1.0,0.6111111111111112,11,18
3410,0.7142857142857143,0.6285714285714286,0.2,0.6,1.0,0.5555555555555556,10,18
3411,0.6666666666666666,0.5999999999999999,0.3333333333333333,0.6666666666666666,1.0,0.5,7,14
3412,0.5263157894736842,0.4473684210526315,0.0,0.5,1.0,0.35714285714285715,5,14
3413,0.4,0.388,0.8,0.9,1.0,0.25,5,20
3414,0.4,0.376,0.6,0.8,1.0,0.25,5,20
3415,0.8571428571428571,0.7420408163265305,0.10476190476190476,0.5523809523809524,1.0,0.75,15,20
3416,0.6153846153846153,0.5692307692307691,0.5,0.75,1.0,0.4444444444444444,8,18
3417,0.6956521739130436,0.6658385093167702,0.7142857142857143,0.8571428571428572,1.0,0.5333333333333333,8,15
3418,0.6666666666666666,0.5809523809523809,0.14285714285714285,0.5714285714285714,1.0,0.5,8,16
3419,0.5,0.42916666666666664,0.05555555555555555,0.5277777777777778,1.0,0.3333333333333333,9,27
3420,0.5384615384615384,0.4769230769230769,0.23809523809523808,0.6190476190476191,1.0,0.3684210526315789,7,19
3421,0.88,0.7696,0.16363636363636364,0.5818181818181818,1.0,0.7857142857142857,11,14
3422,0.6923076923076924,0.5596153846153846,-0.2777777777777778,0.3611111111111111,1.0,0.5294117647058824,9,17
3423,0.56,0.456,-0.23809523809523808,0.38095238095238093,1.0,0.3888888888888889,7,18
3424,0.33333333333333337,0.2733333333333334,-0.2,0.4,1.0,0.2,6,30
3425,0.5714285714285715,0.5102040816326531,0.2857142857142857,0.6428571428571428,1.0,0.4,8,20
3426,0.782608695652174,0.6391304347826087,-0.2222222222222222,0.3888888888888889,1.0,0.6428571428571429,9,14
3427,0.846153846153846,0.7584615384615383,0.3090909090909091,0.6545454545454545,1.0,0.7333333333333333,11,15
3428,0.6666666666666666,0.5503030303030303,-0.16363636363636364,0.4181818181818182,1.0,0.5,11,22
3429,0.5714285714285715,0.4979591836734694,0.14285714285714285,0.5714285714285714,1.0,0.4,8,20
3431,0.6666666666666666,0.5523809523809523,-0.14285714285714285,0.4285714285714286,1.0,0.5,7,14
3432,0.5517241379310345,0.45714285714285713,-0.14285714285714285,0.4285714285714286,1.0,0.38095238095238093,8,21
3433,0.9565217391304348,0.8521739130434782,0.2727272727272727,0.6363636363636364,1.0,0.9166666666666666,11,12
3434,0.5454545454545454,0.4799999999999999,0.2,0.6,1.0,0.375,6,16
3435,0.8571428571428571,0.7,-0.2222222222222222,0.3888888888888889,1.0,0.75,9,12
3436,0.4799999999999999,0.4319999999999999,0.3333333333333333,0.6666666666666666,1.0,0.3157894736842105,6,19
3437,0.6363636363636364,0.5727272727272726,0.3333333333333333,0.6666666666666666,1.0,0.4666666666666667,7,15
3438,0.9189189189189189,0.8358108108108107,0.39705882352941174,0.6985294117647058,1.0,0.85,17,20
3439,0.8,0.7142857142857143,0.2857142857142857,0.6428571428571428,1.0,0.6666666666666666,8,12
3440,0.6923076923076924,0.5711538461538462,-0.16666666666666666,0.4166666666666667,1.0,0.5294117647058824,9,17
3442,0.631578947368421,0.5684210526315788,0.3333333333333333,0.6666666666666666,1.0,0.46153846153846156,6,13
3443,0.56,0.49600000000000005,0.23809523809523808,0.6190476190476191,1.0,0.3888888888888889,7,18
3444,0.7407407407407407,0.6518518518518517,0.2,0.6,1.0,0.5882352941176471,10,17
3445,0.6666666666666666,0.6452380952380952,0.7857142857142857,0.8928571428571428,1.0,0.5,8,16
3446,0.6666666666666666,0.5944444444444443,0.2777777777777778,0.6388888888888888,1.0,0.5,9,18
3447,0.6153846153846153,0.5032967032967032,-0.21428571428571427,0.39285714285714285,1.0,0.4444444444444444,8,18
3448,0.4166666666666667,0.36666666666666664,0.2,0.6,1.0,0.2631578947368421,5,19
3449,0.787878787878788,0.6757575757575758,0.05128205128205128,0.5256410256410257,1.0,0.65,13,20
3450,0.47619047619047616,0.4047619047619047,0.0,0.5,1.0,0.3125,5,16
3451,0.34782608695652173,0.27826086956521734,-0.3333333333333333,0.33333333333333337,1.0,0.21052631578947367,4,19
3452,0.846153846153846,0.749230769230769,0.23636363636363636,0.6181818181818182,1.0,0.7333333333333333,11,15
3453,0.8148148148148148,0.7303703703703702,0.3090909090909091,0.6545454545454545,1.0,0.6875,11,16
3454,0.5454545454545454,0.5127272727272727,0.6,0.8,1.0,0.375,6,16
3457,0.6399999999999999,0.5782857142857142,0.35714285714285715,0.6785714285714286,1.0,0.47058823529411764,8,17
3458,0.6666666666666666,0.6012121212121211,0.34545454545454546,0.6727272727272727,1.0,0.5,11,22
3459,0.6666666666666666,0.5466666666666666,-0.2,0.4,1.0,0.5,6,12
3460,0.5555555555555556,0.4222222222222222,-0.6,0.2,1.0,0.38461538461538464,5,13
3461,0.6399999999999999,0.5851428571428571,0.42857142857142855,0.7142857142857143,1.0,0.47058823529411764,8,17
3462,0.6666666666666666,0.5599999999999999,-0.06666666666666667,0.4666666666666667,1.0,0.5,6,12
3463,0.6666666666666666,0.5999999999999999,0.3333333333333333,0.6666666666666666,1.0,0.5,7,14
3464,0.6363636363636364,0.5636363636363636,0.23809523809523808,0.6190476190476191,1.0,0.4666666666666667,7,15
3465,0.8181818181818181,0.7295454545454545,0.2777777777777778,0.6388888888888888,1.0,0.6923076923076923,9,13
3466,0.5217391304347826,0.44869565217391305,0.06666666666666667,0.5333333333333333,1.0,0.35294117647058826,6,17
3467,0.5555555555555556,0.4962962962962963,0.28888888888888886,0.6444444444444444,1.0,0.38461538461538464,10,26
3468,0.2702702702702703,0.22972972972972974,0.0,0.5,1.0,0.15625,5,32
3469,0.7000000000000001,0.61,0.14285714285714285,0.5714285714285714,1.0,0.5384615384615384,7,13
3470,0.2222222222222222,0.2222222222222222,1.0,1.0,0.125,1.0,8,1
3471,0.5925925925925926,0.5291005291005291,0.2857142857142857,0.6428571428571428,1.0,0.42105263157894735,8,19
3472,0.6428571428571429,0.5839285714285714,0.3888888888888889,0.6944444444444444,1.0,0.47368421052631576,9,19
3473,0.5925925925925926,0.5164021164021163,0.14285714285714285,0.5714285714285714,1.0,0.42105263157894735,8,19
3474,0.5714285714285715,0.5469387755102041,0.7142857142857143,0.8571428571428572,1.0,0.4,8,20
3475,0.5454545454545454,0.49545454545454537,0.3888888888888889,0.6944444444444444,1.0,0.375,9,24
3476,0.7000000000000001,0.62,0.23809523809523808,0.6190476190476191,1.0,0.5384615384615384,7,13
3477,0.7272727272727273,0.5785123966942148,-0.36363636363636365,0.3181818181818182,1.0,0.5714285714285714,12,21
3478,0.45161290322580644,0.39354838709677414,0.14285714285714285,0.5714285714285714,1.0,0.2916666666666667,7,24
3479,0.761904761904762,0.6557823129251701,0.07142857142857142,0.5357142857142857,1.0,0.6153846153846154,8,13
3480,0.5454545454545454,0.5345454545454545,0.8666666666666667,0.9333333333333333,1.0,0.375,6,16
3482,0.8695652173913044,0.7420289855072464,0.022222222222222223,0.5111111111111111,1.0,0.7692307692307693,10,13
3483,0.8275862068965517,0.7523510971786833,0.3939393939393939,0.696969696969697,1.0,0.7058823529411765,12,17
3484,0.5925925925925926,0.5227513227513227,0.21428571428571427,0.6071428571428571,1.0,0.42105263157894735,8,19
3485,0.5,0.38,-0.6,0.2,1.0,0.3333333333333333,6,18
3486,0.7499999999999999,0.6374999999999998,0.0,0.5,1.0,0.6,9,15
3487,0.6086956521739131,0.5565217391304348,0.42857142857142855,0.7142857142857143,1.0,0.4375,7,16
3488,0.6153846153846153,0.5032967032967032,-0.21428571428571427,0.39285714285714285,1.0,0.4444444444444444,8,18
3489,0.5714285714285715,0.5180952380952382,0.37777777777777777,0.6888888888888889,1.0,0.4,10,25
3490,0.7647058823529412,0.6941176470588235,0.38461538461538464,0.6923076923076923,1.0,0.6190476190476191,13,21
3491,0.56,0.464,-0.14285714285714285,0.4285714285714286,1.0,0.3888888888888889,7,18
3492,0.5454545454545454,0.5236363636363636,0.7333333333333333,0.8666666666666667,1.0,0.375,6,16
3493,0.3846153846153846,0.29230769230769227,-0.6,0.2,1.0,0.23809523809523808,5,21
3494,0.7407407407407407,0.6419753086419752,0.1111111111111111,0.5555555555555556,1.0,0.5882352941176471,10,17
3495,0.5365853658536585,0.4780487804878048,0.2727272727272727,0.6363636363636364,1.0,0.36666666666666664,11,30
3496,0.7407407407407407,0.6765432098765432,0.4222222222222222,0.7111111111111111,1.0,0.5882352941176471,10,17
3497,0.4166666666666667,0.36666666666666664,0.2,0.6,1.0,0.2631578947368421,5,19
3498,0.7692307692307693,0.7384615384615385,0.7333333333333333,0.8666666666666667,1.0,0.625,10,16
3499,0.5833333333333334,0.4666666666666667,-0.3333333333333333,0.33333333333333337,1.0,0.4117647058823529,7,17
3500,0.5925925925925926,0.5227513227513227,0.21428571428571427,0.6071428571428571,1.0,0.42105263157894735,8,19
3501,0.45454545454545453,0.3999999999999999,0.2,0.6,1.0,0.29411764705882354,5,17
3502,0.923076923076923,0.8055944055944055,0.15151515151515152,0.5757575757575758,1.0,0.8571428571428571,12,14
3503,0.6896551724137931,0.6344827586206897,0.4666666666666667,0.7333333333333334,1.0,0.5263157894736842,10,19
3505,0.631578947368421,0.5052631578947367,-0.3333333333333333,0.33333333333333337,1.0,0.46153846153846156,6,13
3506,0.6666666666666666,0.6023809523809522,0.35714285714285715,0.6785714285714286,1.0,0.5,8,16
3507,0.5161290322580645,0.4276497695852534,-0.14285714285714285,0.4285714285714286,1.0,0.34782608695652173,8,23
3508,0.5925925925925926,0.5735449735449735,0.7857142857142857,0.8928571428571428,1.0,0.42105263157894735,8,19
3509,0.43902439024390244,0.38048780487804873,0.1111111111111111,0.5555555555555556,1.0,0.28125,9,32
3511,0.33333333333333337,0.26666666666666666,-0.3333333333333333,0.33333333333333337,1.0,0.2,4,20
3512,0.6666666666666666,0.5388888888888888,-0.2777777777777778,0.3611111111111111,1.0,0.5,9,18
3514,0.6923076923076924,0.5538461538461539,-0.3333333333333333,0.33333333333333337,1.0,0.5294117647058824,9,17
3515,0.6206896551724138,0.5327586206896552,0.05555555555555555,0.5277777777777778,1.0,0.45,9,20
3516,0.6857142857142856,0.5859740259740258,0.030303030303030304,0.5151515151515151,1.0,0.5217391304347826,12,23
3517,0.5384615384615384,0.5076923076923077,0.6190476190476191,0.8095238095238095,1.0,0.3684210526315789,7,19
3518,0.625,0.6125,0.8666666666666667,0.9333333333333333,1.0,0.45454545454545453,10,22
3519,0.3870967741935484,0.31741935483870964,-0.2,0.4,1.0,0.24,6,25
3520,0.6399999999999999,0.537142857142857,-0.07142857142857142,0.4642857142857143,1.0,0.47058823529411764,8,17
3521,0.5,0.42,-0.06666666666666667,0.4666666666666667,1.0,0.3333333333333333,6,18
3522,0.6399999999999999,0.5714285714285713,0.2857142857142857,0.6428571428571428,1.0,0.47058823529411764,8,17
3523,0.5161290322580645,0.41658986175115204,-0.2857142857142857,0.35714285714285715,1.0,0.34782608695652173,8,23
3524,0.5185185185185185,0.47407407407407404,0.42857142857142855,0.7142857142857143,1.0,0.35,7,20
3525,0.5,0.4089285714285714,-0.21428571428571427,0.39285714285714285,1.0,0.3333333333333333,8,24
3526,0.8,0.7828571428571429,0.8571428571428571,0.9285714285714286,1.0,0.6666666666666666,8,12
3527,0.6086956521739131,0.5478260869565217,0.3333333333333333,0.6666666666666666,1.0,0.4375,7,16
3528,0.6086956521739131,0.5391304347826087,0.23809523809523808,0.6190476190476191,1.0,0.4375,7,16
3529,0.5263157894736842,0.46315789473684205,0.2,0.6,1.0,0.35714285714285715,5,14
3530,0.6451612903225806,0.5677419354838709,0.2,0.6,1.0,0.47619047619047616,10,21
3531,0.5454545454545454,0.48181818181818176,0.2222222222222222,0.6111111111111112,1.0,0.375,9,24
3532,0.4444444444444445,0.42063492063492064,0.6428571428571429,0.8214285714285714,1.0,0.2857142857142857,8,28
3533,0.7096774193548387,0.6322580645161291,0.2727272727272727,0.6363636363636364,1.0,0.55,11,20
3534,0.6451612903225806,0.5204301075268817,-0.28888888888888886,0.35555555555555557,1.0,0.47619047619047616,10,21
3535,0.6428571428571429,0.5142857142857142,-0.3333333333333333,0.33333333333333337,1.0,0.47368421052631576,9,19
3536,0.47058823529411764,0.44705882352941173,0.6666666666666666,0.8333333333333333,1.0,0.3076923076923077,4,13
3537,0.4,0.32,-0.3333333333333333,0.33333333333333337,1.0,0.25,4,16
3538,0.56,0.448,-0.3333333333333333,0.33333333333333337,1.0,0.3888888888888889,7,18
3539,0.7499999999999999,0.6749999999999998,0.3333333333333333,0.6666666666666666,1.0,0.6,12,20
3540,0.631578947368421,0.5684210526315788,0.3333333333333333,0.6666666666666666,1.0,0.46153846153846156,6,13
3541,0.48484848484848486,0.4069264069264069,-0.07142857142857142,0.4642857142857143,1.0,0.32,8,25
3542,0.6511627906976745,0.5846153846153846,0.31868131868131866,0.6593406593406593,1.0,0.4827586206896552,14,29
3543,0.5945945945945945,0.5394594594594594,0.38181818181818183,0.6909090909090909,1.0,0.4230769230769231,11,26
3544,0.7741935483870968,0.6721407624633431,0.12121212121212122,0.5606060606060606,1.0,0.631578947368421,12,19
3545,0.5161290322580645,0.41105990783410135,-0.35714285714285715,0.3214285714285714,1.0,0.34782608695652173,8,23
3546,0.47619047619047616,0.3904761904761904,-0.2,0.4,1.0,0.3125,5,16
3547,0.4615384615384615,0.3692307692307692,-0.3333333333333333,0.33333333333333337,1.0,0.3,6,20
3548,0.6153846153846153,0.4967032967032966,-0.2857142857142857,0.35714285714285715,1.0,0.4444444444444444,8,18
3549,0.5,0.4125,-0.16666666666666666,0.4166666666666667,1.0,0.3333333333333333,9,27
3550,0.4799999999999999,0.46079999999999993,0.7333333333333333,0.8666666666666667,1.0,0.3157894736842105,6,19
3551,0.4444444444444445,0.37333333333333335,-0.06666666666666667,0.4666666666666667,1.0,0.2857142857142857,6,21
3552,0.6399999999999999,0.537142857142857,-0.07142857142857142,0.4642857142857143,1.0,0.47058823529411764,8,17
3553,0.7647058823529412,0.7147058823529412,0.5641025641025641,0.782051282051282,1.0,0.6190476190476191,13,21
3554,0.5454545454545454,0.4472727272727272,-0.2,0.4,1.0,0.375,6,16
3555,0.6666666666666666,0.5888888888888888,0.2222222222222222,0.6111111111111112,1.0,0.5,9,18
3556,0.5925925925925926,0.5037037037037037,0.0,0.5,1.0,0.42105263157894735,8,19
3557,0.6428571428571429,0.5142857142857142,-0.3333333333333333,0.33333333333333337,1.0,0.47368421052631576,9,19
3560,0.7096774193548387,0.64,0.34545454545454546,0.6727272727272727,1.0,0.55,11,20
3561,0.6666666666666666,0.5809523809523809,0.14285714285714285,0.5714285714285714,1.0,0.5,14,28
3562,0.8571428571428571,0.7246753246753246,-0.030303030303030304,0.48484848484848486,1.0,0.75,12,16
3563,0.8205128205128205,0.717948717948718,0.16666666666666666,0.5833333333333334,1.0,0.6956521739130435,16,23
3564,0.7058823529411764,0.6032085561497326,0.030303030303030304,0.5151515151515151,1.0,0.5454545454545454,12,22
3565,0.7741935483870968,0.6439882697947213,-0.12121212121212122,0.4393939393939394,1.0,0.631578947368421,12,19
3568,0.6399999999999999,0.5851428571428571,0.42857142857142855,0.7142857142857143,1.0,0.47058823529411764,8,17
3569,0.19999999999999998,0.19999999999999998,1.0,1.0,0.1111111111111111,1.0,9,1
3570,0.7692307692307693,0.717948717948718,0.5555555555555556,0.7777777777777778,1.0,0.625,10,16
3571,0.6428571428571429,0.5035714285714286,-0.4444444444444444,0.2777777777777778,1.0,0.47368421052631576,9,19
3572,0.4210526315789474,0.4,0.6666666666666666,0.8333333333333333,1.0,0.26666666666666666,4,15
3573,0.4827586206896552,0.4068965517241379,-0.047619047619047616,0.47619047619047616,1.0,0.3181818181818182,7,22
3575,0.7407407407407407,0.6469135802469135,0.15555555555555556,0.5777777777777777,1.0,0.5882352941176471,10,17
3576,0.48484848484848486,0.3965367965367965,-0.21428571428571427,0.39285714285714285,1.0,0.32,8,25
3577,0.7428571428571429,0.6457142857142857,0.1282051282051282,0.5641025641025641,1.0,0.5909090909090909,13,22
3578,0.5,0.45999999999999996,0.4666666666666667,0.7333333333333334,1.0,0.3333333333333333,6,18
3579,0.7857142857142858,0.6142857142857143,-0.45454545454545453,0.2727272727272727,0.6470588235294118,1.0,17,11
3580,0.7142857142857143,0.6333333333333333,0.24444444444444444,0.6222222222222222,1.0,0.5555555555555556,10,18
3581,0.5217391304347826,0.43826086956521737,-0.06666666666666667,0.4666666666666667,1.0,0.35294117647058826,6,17
3582,0.5714285714285715,0.5163265306122449,0.35714285714285715,0.6785714285714286,1.0,0.4,8,20
3583,0.6206896551724138,0.5482758620689655,0.2222222222222222,0.6111111111111112,1.0,0.45,9,20
3584,0.9473684210526316,0.8605263157894736,0.3888888888888889,0.6944444444444444,1.0,0.9,9,10
3585,0.5161290322580645,0.4331797235023041,-0.07142857142857142,0.4642857142857143,1.0,0.34782608695652173,8,23
3586,0.5882352941176471,0.5176470588235293,0.2,0.6,1.0,0.4166666666666667,10,24
3587,0.6086956521739131,0.5043478260869565,-0.14285714285714285,0.4285714285714286,1.0,0.4375,7,16
3588,0.7407407407407407,0.6320987654320986,0.022222222222222223,0.5111111111111111,1.0,0.5882352941176471,10,17
3589,0.5517241379310345,0.5103448275862068,0.5,0.75,1.0,0.38095238095238093,8,21
3590,0.6451612903225806,0.5591397849462365,0.1111111111111111,0.5555555555555556,1.0,0.47619047619047616,10,21
3591,0.8421052631578948,0.7157894736842105,0.0,0.5,1.0,0.7272727272727273,8,11
3592,0.4799999999999999,0.35519999999999996,-0.7333333333333333,0.13333333333333336,1.0,0.3157894736842105,6,19
3594,0.7142857142857143,0.6238095238095238,0.15555555555555556,0.5777777777777777,1.0,0.5555555555555556,10,18
3595,0.5925925925925926,0.5354497354497354,0.35714285714285715,0.6785714285714286,1.0,0.42105263157894735,8,19
3596,0.8571428571428571,0.748051948051948,0.15151515151515152,0.5757575757575758,1.0,0.75,12,16
3598,0.4827586206896552,0.42068965517241375,0.14285714285714285,0.5714285714285714,1.0,0.3181818181818182,7,22
3599,0.48484848484848486,0.4173160173160173,0.07142857142857142,0.5357142857142857,1.0,0.32,8,25
3600,0.5,0.4089285714285714,-0.21428571428571427,0.39285714285714285,1.0,0.3333333333333333,8,24
3601,0.8,0.7236363636363636,0.36363636363636365,0.6818181818181819,1.0,0.6666666666666666,12,18
3602,0.8205128205128205,0.6728205128205128,-0.2,0.4,1.0,0.6956521739130435,16,23
3603,0.6153846153846153,0.5362637362637361,0.14285714285714285,0.5714285714285714,1.0,0.4444444444444444,8,18
3604,0.48484848484848486,0.4277056277056277,0.21428571428571427,0.6071428571428571,1.0,0.32,8,25
3605,0.6666666666666666,0.5696969696969696,0.030303030303030304,0.5151515151515151,1.0,0.5,12,24
3606,0.56,0.49600000000000005,0.23809523809523808,0.6190476190476191,1.0,0.3888888888888889,7,18
3608,0.7142857142857143,0.5857142857142857,-0.2,0.4,1.0,0.5555555555555556,10,18
3609,0.7499999999999999,0.6449999999999999,0.06666666666666667,0.5333333333333333,1.0,0.6,6,10
3610,0.5454545454545454,0.4363636363636363,-0.3333333333333333,0.33333333333333337,1.0,0.375,6,16
3611,0.8125000000000001,0.7312500000000001,0.3333333333333333,0.6666666666666666,1.0,0.6842105263157895,13,19
3612,0.9,0.8324999999999999,0.5,0.75,1.0,0.8181818181818182,9,11
3613,0.45714285714285713,0.38367346938775504,-0.07142857142857142,0.4642857142857143,1.0,0.2962962962962963,8,27
3614,0.5185185185185185,0.4592592592592592,0.23809523809523808,0.6190476190476191,1.0,0.35,7,20
3615,0.6451612903225806,0.5935483870967742,0.4666666666666667,0.7333333333333334,1.0,0.47619047619047616,10,21
3616,0.4,0.352,0.2,0.6,1.0,0.25,5,20
3617,0.7857142857142858,0.6914285714285714,0.2,0.6,1.0,0.6470588235294118,11,17
3618,0.5333333333333333,0.459047619047619,0.07142857142857142,0.5357142857142857,1.0,0.36363636363636365,8,22
3619,0.5416666666666666,0.475,0.1794871794871795,0.5897435897435898,1.0,0.37142857142857144,13,35
3621,0.8,0.6880000000000001,0.06666666666666667,0.5333333333333333,1.0,0.6666666666666666,6,9
3622,0.7407407407407407,0.7012345679012344,0.6444444444444445,0.8222222222222222,1.0,0.5882352941176471,10,17
3623,0.33333333333333337,0.33333333333333337,1.0,1.0,0.2,1.0,5,1
3625,0.9090909090909091,0.7454545454545454,-0.2,0.4,1.0,0.8333333333333334,10,12
3626,0.5454545454545454,0.49090909090909085,0.3333333333333333,0.6666666666666666,1.0,0.375,6,16
3627,0.4615384615384615,0.38769230769230767,-0.06666666666666667,0.4666666666666667,1.0,0.3,6,20
3628,0.6896551724137931,0.5931034482758621,0.06666666666666667,0.5333333333333333,1.0,0.5263157894736842,10,19
3629,0.8571428571428571,0.7642857142857142,0.2777777777777778,0.6388888888888888,1.0,0.75,9,12
3631,0.9166666666666666,0.7566666666666666,-0.16363636363636364,0.4181818181818182,1.0,0.8461538461538461,11,13
3632,0.7692307692307693,0.7282051282051282,0.6444444444444445,0.8222222222222222,1.0,0.625,10,16
3633,0.5833333333333334,0.5083333333333333,0.14285714285714285,0.5714285714285714,1.0,0.4117647058823529,7,17
3634,0.6399999999999999,0.5782857142857142,0.35714285714285715,0.6785714285714286,1.0,0.47058823529411764,8,17
3635,0.8,0.7413333333333334,0.5111111111111111,0.7555555555555555,1.0,0.6666666666666666,10,15
3636,0.5714285714285715,0.49183673469387756,0.07142857142857142,0.5357142857142857,1.0,0.4,8,20
3637,0.5263157894736842,0.41052631578947363,-0.4666666666666667,0.26666666666666666,1.0,0.35714285714285715,10,28
3638,0.5,0.46428571428571425,0.5238095238095238,0.7619047619047619,1.0,0.3333333333333333,7,21
3639,0.761904761904762,0.6476190476190476,0.0,0.5,1.0,0.6153846153846154,8,13
3640,0.5833333333333334,0.49166666666666664,-0.047619047619047616,0.47619047619047616,1.0,0.4117647058823529,7,17
3641,0.7272727272727273,0.6512396694214876,0.30303030303030304,0.6515151515151515,1.0,0.5714285714285714,12,21
3643,0.3181818181818182,0.2909090909090909,0.42857142857142855,0.7142857142857143,1.0,0.1891891891891892,7,37
3644,0.7692307692307693,0.641025641025641,-0.1111111111111111,0.4444444444444444,1.0,0.625,10,16
3645,0.6666666666666666,0.5738095238095238,0.07142857142857142,0.5357142857142857,1.0,0.5,8,16
3646,0.5384615384615384,0.4923076923076923,0.42857142857142855,0.7142857142857143,1.0,0.3684210526315789,7,19
3647,0.8,0.7413333333333334,0.5111111111111111,0.7555555555555555,1.0,0.6666666666666666,10,15
3648,0.4799999999999999,0.41279999999999994,0.06666666666666667,0.5333333333333333,1.0,0.3157894736842105,6,19
3649,0.5882352941176471,0.5882352941176471,1.0,1.0,1.0,0.4166666666666667,5,12
3651,0.7142857142857143,0.6047619047619048,-0.022222222222222223,0.4888888888888889,1.0,0.5555555555555556,10,18
3653,0.5294117647058824,0.45441176470588235,0.05555555555555555,0.5277777777777778,1.0,0.36,9,25
3654,0.43750000000000006,0.375,0.047619047619047616,0.5238095238095238,1.0,0.28,7,25
3655,0.4444444444444445,0.38222222222222224,0.06666666666666667,0.5333333333333333,1.0,0.2857142857142857,6,21
3656,1.0,0.94,0.6,0.8,1.0,1.0,10,10
3657,0.6428571428571429,0.5571428571428572,0.1111111111111111,0.5555555555555556,1.0,0.47368421052631576,9,19
3658,0.8,0.6885714285714286,0.07142857142857142,0.5357142857142857,1.0,0.6666666666666666,8,12
3659,0.6666666666666666,0.538095238095238,-0.2857142857142857,0.35714285714285715,1.0,0.5,8,16
3660,0.6206896551724138,0.5120689655172413,-0.16666666666666666,0.4166666666666667,1.0,0.45,9,20
3661,0.5333333333333333,0.47047619047619044,0.21428571428571427,0.6071428571428571,1.0,0.36363636363636365,8,22
3662,0.5161290322580645,0.46635944700460824,0.35714285714285715,0.6785714285714286,1.0,0.34782608695652173,8,23
3663,0.5925925925925926,0.5164021164021163,0.14285714285714285,0.5714285714285714,1.0,0.42105263157894735,8,19
3664,0.6666666666666666,0.5952380952380951,0.2857142857142857,0.6428571428571428,1.0,0.5,8,16
3665,0.6666666666666666,0.5333333333333332,-0.3333333333333333,0.33333333333333337,1.0,0.5,6,12
3667,0.7499999999999999,0.6149999999999999,-0.2,0.4,1.0,0.6,6,10
3668,0.4615384615384615,0.38769230769230767,-0.06666666666666667,0.4666666666666667,1.0,0.3,6,20
3669,0.32258064516129037,0.2741935483870968,0.0,0.5,1.0,0.19230769230769232,5,26
3670,0.7692307692307693,0.6923076923076923,0.3333333333333333,0.6666666666666666,1.0,0.625,10,16
3671,0.9600000000000001,0.8814545454545455,0.45454545454545453,0.7272727272727273,0.9230769230769231,1.0,13,12
3672,0.7692307692307693,0.6974358974358974,0.37777777777777777,0.6888888888888889,1.0,0.625,10,16
3673,0.4444444444444445,0.35555555555555557,-0.3333333333333333,0.33333333333333337,1.0,0.2857142857142857,4,14
3675,0.6,0.5349999999999999,0.2777777777777778,0.6388888888888888,1.0,0.42857142857142855,9,21
3676,0.8695652173913044,0.7594202898550725,0.15555555555555556,0.5777777777777777,1.0,0.7692307692307693,10,13
3677,0.6399999999999999,0.5234285714285714,-0.21428571428571427,0.39285714285714285,1.0,0.47058823529411764,8,17
3678,0.6923076923076924,0.5884615384615385,0.0,0.5,1.0,0.5294117647058824,9,17
3679,0.6923076923076924,0.6288461538461538,0.3888888888888889,0.6944444444444444,1.0,0.5294117647058824,9,17
3680,0.41379310344827586,0.3227586206896551,-0.4666666666666667,0.26666666666666666,1.0,0.2608695652173913,6,23
3681,0.5714285714285715,0.47346938775510206,-0.14285714285714285,0.4285714285714286,1.0,0.4,8,20
3682,0.9565217391304348,0.8678260869565217,0.38181818181818183,0.6909090909090909,1.0,0.9166666666666666,11,12
3683,0.4347826086956522,0.3826086956521739,0.2,0.6,1.0,0.2777777777777778,5,18
3684,0.7272727272727273,0.6181818181818182,0.0,0.5,1.0,0.5714285714285714,8,14
3685,0.6666666666666666,0.6166666666666666,0.5,0.75,1.0,0.5,9,18
3686,0.5,0.41,-0.2,0.4,1.0,0.3333333333333333,6,18
3687,0.6956521739130436,0.5540372670807454,-0.35714285714285715,0.3214285714285714,1.0,0.5333333333333333,8,15
3688,0.888888888888889,0.8031746031746031,0.35714285714285715,0.6785714285714286,1.0,0.8,8,10
3689,0.6153846153846153,0.523076923076923,0.0,0.5,1.0,0.4444444444444444,8,18
3690,0.4444444444444445,0.3911111111111111,0.2,0.6,1.0,0.2857142857142857,6,21
3691,0.5714285714285715,0.56,0.8666666666666667,0.9333333333333333,1.0,0.4,6,15
3692,0.8421052631578948,0.724812030075188,0.07142857142857142,0.5357142857142857,1.0,0.7272727272727273,8,11
3694,0.4347826086956522,0.3826086956521739,0.2,0.6,1.0,0.2777777777777778,5,18
3695,0.6666666666666666,0.5666666666666667,0.0,0.5,1.0,0.5,9,18
3696,0.8387096774193548,0.7774193548387095,0.5128205128205128,0.7564102564102564,1.0,0.7222222222222222,13,18
3697,0.7142857142857143,0.6428571428571428,0.3333333333333333,0.6666666666666666,1.0,0.5555555555555556,10,18
3698,0.888888888888889,0.7936507936507936,0.2857142857142857,0.6428571428571428,1.0,0.8,8,10
3699,0.6956521739130436,0.6360248447204969,0.42857142857142855,0.7142857142857143,1.0,0.5333333333333333,8,15
3700,0.7272727272727273,0.625974025974026,0.07142857142857142,0.5357142857142857,1.0,0.5714285714285714,8,14
3701,0.5925925925925926,0.5227513227513227,0.21428571428571427,0.6071428571428571,1.0,0.42105263157894735,8,19
3702,0.631578947368421,0.5305263157894736,-0.06666666666666667,0.4666666666666667,1.0,0.46153846153846156,6,13
3703,0.6666666666666666,0.5238095238095237,-0.42857142857142855,0.2857142857142857,1.0,0.5,7,14
3704,0.8333333333333333,0.6666666666666665,-0.3333333333333333,0.33333333333333337,1.0,0.7142857142857143,10,14
3707,0.5217391304347826,0.44869565217391305,0.06666666666666667,0.5333333333333333,1.0,0.35294117647058826,6,17
3708,0.5333333333333333,0.44190476190476186,-0.14285714285714285,0.4285714285714286,1.0,0.36363636363636365,8,22
3709,0.4615384615384615,0.43384615384615377,0.6,0.8,1.0,0.3,6,20
3710,0.6666666666666666,0.5666666666666667,0.0,0.5,1.0,0.5,8,16
3711,0.72,0.576,-0.3333333333333333,0.33333333333333337,1.0,0.5625,9,16
3712,0.6923076923076924,0.5596153846153846,-0.2777777777777778,0.3611111111111111,1.0,0.5294117647058824,9,17
3713,0.6399999999999999,0.5851428571428571,0.42857142857142855,0.7142857142857143,1.0,0.47058823529411764,8,17
3714,0.5294117647058824,0.4455882352941176,-0.05555555555555555,0.4722222222222222,1.0,0.36,9,25
3715,0.8333333333333333,0.7333333333333332,0.2,0.6,1.0,0.7142857142857143,10,14
3716,0.7857142857142858,0.6742857142857144,0.05454545454545454,0.5272727272727272,1.0,0.6470588235294118,11,17
3717,0.24000000000000002,0.192,-0.3333333333333333,0.33333333333333337,1.0,0.13636363636363635,3,22
3719,0.7142857142857143,0.6285714285714286,0.2,0.6,1.0,0.5555555555555556,5,9
3720,0.9565217391304348,0.8886956521739131,0.5272727272727272,0.7636363636363637,1.0,0.9166666666666666,11,12
3721,0.8571428571428571,0.710204081632653,-0.14285714285714285,0.4285714285714286,1.0,0.75,15,20
3722,0.6666666666666666,0.5428571428571428,-0.23809523809523808,0.38095238095238093,1.0,0.5,7,14
3723,0.7142857142857143,0.6,-0.06666666666666667,0.4666666666666667,1.0,0.5555555555555556,10,18
3724,0.8571428571428571,0.7987012987012986,0.5454545454545454,0.7727272727272727,1.0,0.75,12,16
3725,0.7499999999999999,0.6374999999999998,0.0,0.5,1.0,0.6,9,15
3726,0.5454545454545454,0.5236363636363636,0.7333333333333333,0.8666666666666667,1.0,0.375,6,16
3727,0.375,0.3525,0.6,0.8,1.0,0.23076923076923078,6,26
3728,0.5882352941176471,0.4470588235294118,-0.6,0.2,1.0,0.4166666666666667,5,12
3730,0.782608695652174,0.7043478260869565,0.3333333333333333,0.6666666666666666,1.0,0.6428571428571429,9,14
3732,0.5217391304347826,0.4278260869565217,-0.2,0.4,1.0,0.35294117647058826,6,17
3733,0.7142857142857143,0.6095238095238095,0.022222222222222223,0.5111111111111111,1.0,0.5555555555555556,10,18
3734,0.6086956521739131,0.5478260869565217,0.3333333333333333,0.6666666666666666,1.0,0.4375,7,16
3736,0.6,0.504,-0.06666666666666667,0.4666666666666667,1.0,0.42857142857142855,6,14
3737,0.6428571428571429,0.5357142857142857,-0.1111111111111111,0.4444444444444444,1.0,0.47368421052631576,9,19
3738,0.6666666666666666,0.6166666666666666,0.5,0.75,1.0,0.5,8,16
3739,0.6399999999999999,0.5782857142857142,0.35714285714285715,0.6785714285714286,1.0,0.47058823529411764,8,17
3740,0.6206896551724138,0.5327586206896552,0.05555555555555555,0.5277777777777778,1.0,0.45,9,20
3741,0.8,0.74,0.5,0.75,1.0,0.6666666666666666,8,12
3742,0.5714285714285715,0.5469387755102041,0.7142857142857143,0.8571428571428572,1.0,0.4,8,20
3743,0.5454545454545454,0.5127272727272727,0.6,0.8,1.0,0.375,6,16
3744,0.5217391304347826,0.4799999999999999,0.4666666666666667,0.7333333333333334,1.0,0.35294117647058826,6,17
3745,0.7142857142857143,0.5761904761904761,-0.28888888888888886,0.35555555555555557,1.0,0.5555555555555556,10,18
3746,0.5384615384615384,0.48461538461538456,0.3333333333333333,0.6666666666666666,1.0,0.3684210526315789,7,19
3747,0.5,0.43999999999999995,0.2,0.6,1.0,0.3333333333333333,5,15
3749,0.5882352941176471,0.5176470588235293,0.2,0.6,1.0,0.4166666666666667,5,12
3750,0.625,0.53125,0.0,0.5,1.0,0.45454545454545453,5,11
3751,0.5217391304347826,0.5113043478260869,0.8666666666666667,0.9333333333333333,1.0,0.35294117647058826,6,17
3752,0.8333333333333333,0.7444444444444444,0.28888888888888886,0.6444444444444444,1.0,0.7142857142857143,10,14
3753,0.6666666666666666,0.5999999999999999,0.3333333333333333,0.6666666666666666,1.0,0.5,7,14
3754,0.8181818181818181,0.6545454545454544,-0.3333333333333333,0.33333333333333337,1.0,0.6923076923076923,9,13
3755,0.6923076923076924,0.5942307692307692,0.05555555555555555,0.5277777777777778,1.0,0.5294117647058824,9,17
3756,0.6363636363636364,0.5545454545454545,0.14285714285714285,0.5714285714285714,1.0,0.4666666666666667,7,15
3757,0.8275862068965517,0.6846394984326017,-0.15151515151515152,0.42424242424242425,1.0,0.7058823529411765,12,17
3758,0.5,0.425,0.0,0.5,1.0,0.3333333333333333,4,12
3759,0.5714285714285715,0.5371428571428571,0.6,0.8,1.0,0.4,6,15
3760,0.6923076923076924,0.6,0.1111111111111111,0.5555555555555556,1.0,0.5294117647058824,9,17
3761,0.33333333333333337,0.3,0.3333333333333333,0.6666666666666666,1.0,0.2,4,20
3762,0.7407407407407407,0.65679012345679,0.24444444444444444,0.6222222222222222,1.0,0.5882352941176471,10,17
3763,0.6399999999999999,0.5577142857142856,0.14285714285714285,0.5714285714285714,1.0,0.47058823529411764,8,17
3764,0.6086956521739131,0.5826086956521739,0.7142857142857143,0.8571428571428572,1.0,0.4375,7,16
3765,0.56,0.472,-0.047619047619047616,0.47619047619047616,1.0,0.3888888888888889,7,18
3766,0.7499999999999999,0.6374999999999998,0.0,0.5,1.0,0.6,12,20
3767,0.7096774193548387,0.6438709677419355,0.38181818181818183,0.6909090909090909,1.0,0.55,11,20
3769,0.6086956521739131,0.4434782608695652,-0.8095238095238095,0.09523809523809523,1.0,0.4375,7,16
3770,0.782608695652174,0.6847826086956522,0.16666666666666666,0.5833333333333334,1.0,0.6428571428571429,9,14
3772,0.7142857142857143,0.6476190476190476,0.37777777777777777,0.6888888888888889,1.0,0.5555555555555556,10,18
3773,0.6153846153846153,0.5164835164835163,-0.07142857142857142,0.4642857142857143,1.0,0.4444444444444444,8,18
3774,0.6896551724137931,0.5747126436781609,-0.1111111111111111,0.4444444444444444,1.0,0.5263157894736842,10,19
3775,0.5294117647058824,0.4764705882352941,0.3333333333333333,0.6666666666666666,1.0,0.36,9,25
3776,0.7499999999999999,0.6170454545454543,-0.18181818181818182,0.40909090909090906,1.0,0.6,12,20
3777,0.7000000000000001,0.62,0.23809523809523808,0.6190476190476191,1.0,0.5384615384615384,7,13
3778,0.45454545454545453,0.4121212121212121,0.37777777777777777,0.6888888888888889,1.0,0.29411764705882354,10,34
3779,0.6428571428571429,0.5785714285714285,0.3333333333333333,0.6666666666666666,1.0,0.47368421052631576,9,19
3780,0.7586206896551725,0.6675862068965517,0.2,0.6,1.0,0.6111111111111112,11,18
3781,0.6274509803921569,0.5725490196078431,0.4166666666666667,0.7083333333333334,1.0,0.45714285714285713,16,35
3782,0.56,0.48000000000000004,0.047619047619047616,0.5238095238095238,1.0,0.3888888888888889,7,18
3783,0.43750000000000006,0.40625,0.5238095238095238,0.7619047619047619,1.0,0.28,7,25
3784,0.5555555555555556,0.5055555555555555,0.4,0.7,1.0,0.38461538461538464,5,13
3785,0.7142857142857143,0.6238095238095238,0.15555555555555556,0.5777777777777777,1.0,0.5555555555555556,10,18
3786,0.5714285714285715,0.46734693877551026,-0.21428571428571427,0.39285714285714285,1.0,0.4,8,20
3787,0.6666666666666666,0.5595238095238094,-0.07142857142857142,0.4642857142857143,1.0,0.5,8,16
3788,0.8648648648648648,0.748108108108108,0.1,0.55,1.0,0.7619047619047619,16,21
3789,0.4444444444444445,0.35555555555555557,-0.3333333333333333,0.33333333333333337,1.0,0.2857142857142857,6,21
3790,0.6666666666666666,0.5238095238095237,-0.42857142857142855,0.2857142857142857,1.0,0.5,7,14
3791,0.6956521739130436,0.5987577639751553,0.07142857142857142,0.5357142857142857,1.0,0.5333333333333333,8,15
3792,0.6086956521739131,0.5217391304347826,0.047619047619047616,0.5238095238095238,1.0,0.4375,7,16
3793,0.6086956521739131,0.5217391304347826,0.047619047619047616,0.5238095238095238,1.0,0.4375,7,16
3795,0.6666666666666666,0.5999999999999999,0.3333333333333333,0.6666666666666666,1.0,0.5,9,18
3796,0.9090909090909091,0.7939393939393938,0.15555555555555556,0.5777777777777777,1.0,0.8333333333333334,10,12
3797,0.761904761904762,0.7047619047619048,0.5,0.75,1.0,0.6153846153846154,8,13
3798,0.631578947368421,0.5052631578947367,-0.3333333333333333,0.33333333333333337,1.0,0.46153846153846156,6,13
3799,0.6399999999999999,0.5439999999999999,0.0,0.5,1.0,0.47058823529411764,8,17
3800,0.6923076923076924,0.5653846153846155,-0.2222222222222222,0.3888888888888889,1.0,0.5294117647058824,9,17
3801,0.6666666666666666,0.5595238095238094,-0.07142857142857142,0.4642857142857143,1.0,0.5,8,16
3802,0.6666666666666666,0.5422222222222222,-0.24444444444444444,0.37777777777777777,1.0,0.5,10,20
3803,0.5555555555555556,0.45555555555555555,-0.2,0.4,1.0,0.38461538461538464,5,13
3805,0.625,0.56875,0.4,0.7,1.0,0.45454545454545453,5,11
3806,0.5882352941176471,0.5176470588235293,0.2,0.6,1.0,0.4166666666666667,5,12
3807,0.5714285714285715,0.4685714285714286,-0.2,0.4,1.0,0.4,6,15
3808,0.625,0.53125,0.0,0.5,1.0,0.45454545454545453,5,11
3809,0.5882352941176471,0.5,0.0,0.5,1.0,0.4166666666666667,5,12
3810,1.0,0.9199999999999999,0.4666666666666667,0.7333333333333334,1.0,1.0,6,6
3811,0.7692307692307693,0.6538461538461539,0.0,0.5,1.0,0.625,5,8
3812,0.5333333333333333,0.4,-0.6666666666666666,0.16666666666666669,1.0,0.36363636363636365,4,11
3813,0.8,0.64,-0.3333333333333333,0.33333333333333337,1.0,0.6666666666666666,6,9
3814,1.0,0.7999999999999999,-0.3333333333333333,0.33333333333333337,1.0,1.0,6,6
3815,0.6153846153846153,0.523076923076923,0.0,0.5,1.0,0.4444444444444444,4,9
3816,0.7692307692307693,0.7230769230769231,0.6,0.8,1.0,0.625,5,8
3817,0.8,0.6880000000000001,0.06666666666666667,0.5333333333333333,1.0,0.6666666666666666,6,9
3818,0.8333333333333333,0.7583333333333332,0.4,0.7,1.0,0.7142857142857143,5,7
3819,0.8,0.72,0.3333333333333333,0.6666666666666666,1.0,0.6666666666666666,4,6
3820,0.6153846153846153,0.523076923076923,0.0,0.5,1.0,0.4444444444444444,4,9
3821,0.5,0.45499999999999996,0.4,0.7,1.0,0.3333333333333333,5,15
3822,0.5,0.5,1.0,1.0,1.0,0.3333333333333333,4,12
3823,0.8750000000000001,0.775,0.23809523809523808,0.6190476190476191,1.0,0.7777777777777778,7,9
3824,0.5882352941176471,0.5352941176470588,0.4,0.7,1.0,0.4166666666666667,5,12
3825,0.9090909090909091,0.8545454545454545,0.6,0.8,1.0,0.8333333333333334,5,6
3826,0.6666666666666666,0.5466666666666666,-0.2,0.4,1.0,0.5,5,10
3827,0.4,0.4,1.0,1.0,1.0,0.25,3,12
3828,0.5555555555555556,0.4722222222222222,0.0,0.5,1.0,0.38461538461538464,5,13
3829,0.7777777777777778,0.6777777777777777,0.14285714285714285,0.5714285714285714,1.0,0.6363636363636364,7,11
3830,0.7692307692307693,0.6076923076923076,-0.4,0.3,1.0,0.625,5,8
3831,0.923076923076923,0.8123076923076922,0.2,0.6,1.0,0.8571428571428571,6,7
3832,0.6666666666666666,0.5333333333333332,-0.3333333333333333,0.33333333333333337,1.0,0.5,4,8
3833,0.5555555555555556,0.5388888888888889,0.8,0.9,1.0,0.38461538461538464,5,13
3834,0.6153846153846153,0.5538461538461538,0.3333333333333333,0.6666666666666666,1.0,0.4444444444444444,4,9
3835,0.4444444444444445,0.4222222222222222,0.6666666666666666,0.8333333333333333,1.0,0.2857142857142857,4,14
3836,0.6666666666666666,0.6066666666666666,0.4,0.7,1.0,0.5,5,10
3837,0.8333333333333333,0.6583333333333332,-0.4,0.3,1.0,0.7142857142857143,5,7
3838,0.6153846153846153,0.5846153846153845,0.6666666666666666,0.8333333333333333,1.0,0.4444444444444444,4,9
3839,0.7142857142857143,0.6714285714285714,0.6,0.8,1.0,0.5555555555555556,5,9
3840,0.5333333333333333,0.42666666666666664,-0.3333333333333333,0.33333333333333337,1.0,0.36363636363636365,4,11
3841,0.5714285714285715,0.4,-1.0,0.0,1.0,0.4,4,10
3842,0.7692307692307693,0.6076923076923076,-0.4,0.3,1.0,0.625,5,8
3843,0.5263157894736842,0.4947368421052631,0.6,0.8,1.0,0.35714285714285715,5,14
3844,0.7142857142857143,0.6714285714285714,0.6,0.8,1.0,0.5555555555555556,5,9
3845,1.0,0.85,0.0,0.5,1.0,1.0,4,4
3846,0.7272727272727273,0.6909090909090909,0.6666666666666666,0.8333333333333333,1.0,0.5714285714285714,4,7
3847,0.6666666666666666,0.5666666666666667,0.0,0.5,1.0,0.5,5,10
3848,0.9090909090909091,0.8272727272727272,0.4,0.7,1.0,0.8333333333333334,5,6
3849,0.8333333333333333,0.8333333333333333,1.0,1.0,1.0,0.7142857142857143,5,7
3850,0.5,0.44999999999999996,0.3333333333333333,0.6666666666666666,1.0,0.3333333333333333,4,12
3851,0.5555555555555556,0.4722222222222222,0.0,0.5,1.0,0.38461538461538464,5,13
3852,0.6666666666666666,0.6333333333333333,0.6666666666666666,0.8333333333333333,1.0,0.5,4,8
3853,0.888888888888889,0.7111111111111111,-0.3333333333333333,0.33333333333333337,1.0,0.8,4,5
3854,0.5714285714285715,0.5714285714285715,1.0,1.0,1.0,0.4,4,10
3855,0.5333333333333333,0.4,-0.6666666666666666,0.16666666666666669,1.0,0.36363636363636365,4,11
3856,0.47058823529411764,0.47058823529411764,1.0,1.0,1.0,0.3076923076923077,4,13
3857,0.5454545454545454,0.45818181818181813,-0.06666666666666667,0.4666666666666667,1.0,0.375,6,16
3858,0.8235294117647058,0.7882352941176469,0.7142857142857143,0.8571428571428572,1.0,0.7,7,10
3859,0.7499999999999999,0.6899999999999998,0.4666666666666667,0.7333333333333334,1.0,0.6,6,10
3860,0.6666666666666666,0.5333333333333332,-0.3333333333333333,0.33333333333333337,1.0,0.5,4,8
3861,0.7499999999999999,0.6749999999999998,0.3333333333333333,0.6666666666666666,1.0,0.6,6,10
3862,0.7272727272727273,0.5818181818181818,-0.3333333333333333,0.33333333333333337,1.0,0.5714285714285714,4,7
3863,0.6153846153846153,0.5538461538461538,0.3333333333333333,0.6666666666666666,1.0,0.4444444444444444,4,9
3864,0.5714285714285715,0.5142857142857143,0.3333333333333333,0.6666666666666666,1.0,0.4,4,10
3865,0.5333333333333333,0.5066666666666666,0.6666666666666666,0.8333333333333333,1.0,0.36363636363636365,4,11
3866,0.5882352941176471,0.4823529411764706,-0.2,0.4,1.0,0.4166666666666667,5,12
3867,0.5555555555555556,0.40555555555555556,-0.8,0.09999999999999998,1.0,0.38461538461538464,5,13
3868,0.7692307692307693,0.7692307692307693,1.0,1.0,1.0,0.625,5,8
3869,0.9333333333333333,0.7733333333333333,-0.14285714285714285,0.4285714285714286,0.875,1.0,8,7
3870,0.5714285714285715,0.4571428571428572,-0.3333333333333333,0.33333333333333337,1.0,0.4,4,10
3871,0.47619047619047616,0.3904761904761904,-0.2,0.4,1.0,0.3125,5,16
3872,0.9333333333333333,0.8133333333333332,0.14285714285714285,0.5714285714285714,1.0,0.875,7,8
3873,0.625,0.5499999999999999,0.2,0.6,1.0,0.45454545454545453,5,11
3874,1.0,0.8607142857142857,0.07142857142857142,0.5357142857142857,1.0,1.0,8,8
3875,0.5,0.43999999999999995,0.2,0.6,1.0,0.3333333333333333,5,15
3876,0.9090909090909091,0.7999999999999998,0.2,0.6,1.0,0.8333333333333334,5,6
3877,0.6666666666666666,0.6333333333333333,0.6666666666666666,0.8333333333333333,1.0,0.5,4,8
3878,0.631578947368421,0.49263157894736836,-0.4666666666666667,0.26666666666666666,1.0,0.46153846153846156,6,13
3879,1.0,0.7999999999999999,-0.3333333333333333,0.33333333333333337,1.0,1.0,4,4
3880,0.625,0.5874999999999999,0.6,0.8,1.0,0.45454545454545453,5,11
3881,0.631578947368421,0.5305263157894736,-0.06666666666666667,0.4666666666666667,1.0,0.46153846153846156,6,13
3882,0.4,0.38,0.6666666666666666,0.8333333333333333,1.0,0.25,4,16
3883,0.5555555555555556,0.5055555555555555,0.4,0.7,1.0,0.38461538461538464,5,13
3884,0.6666666666666666,0.5333333333333332,-0.3333333333333333,0.33333333333333337,1.0,0.5,4,8
3885,0.5555555555555556,0.4722222222222222,0.0,0.5,1.0,0.38461538461538464,5,13
3886,0.8750000000000001,0.775,0.23809523809523808,0.6190476190476191,1.0,0.7777777777777778,7,9
3887,0.4444444444444445,0.4444444444444445,1.0,1.0,1.0,0.2857142857142857,4,14
3888,0.5714285714285715,0.5142857142857143,0.3333333333333333,0.6666666666666666,1.0,0.4,4,10
3889,0.625,0.475,-0.6,0.2,1.0,0.45454545454545453,5,11
3890,0.9333333333333333,0.8533333333333333,0.42857142857142855,0.7142857142857143,1.0,0.875,7,8
3891,0.5333333333333333,0.4799999999999999,0.3333333333333333,0.6666666666666666,1.0,0.36363636363636365,4,11
3892,0.5333333333333333,0.4799999999999999,0.3333333333333333,0.6666666666666666,1.0,0.36363636363636365,4,11
3893,0.7272727272727273,0.6727272727272727,0.5,0.75,1.0,0.5714285714285714,8,14
3894,0.6153846153846153,0.4923076923076922,-0.3333333333333333,0.33333333333333337,1.0,0.4444444444444444,4,9
3895,0.47058823529411764,0.39999999999999997,0.0,0.5,1.0,0.3076923076923077,4,13
3896,0.5,0.425,0.0,0.5,1.0,0.3333333333333333,4,12
3897,0.5333333333333333,0.5066666666666666,0.6666666666666666,0.8333333333333333,1.0,0.36363636363636365,4,11
3898,0.625,0.5125,-0.2,0.4,1.0,0.45454545454545453,5,11
3899,0.8,0.76,0.6666666666666666,0.8333333333333333,1.0,0.6666666666666666,4,6
3900,0.8333333333333333,0.7333333333333332,0.2,0.6,1.0,0.7142857142857143,5,7
3901,0.5,0.41,-0.2,0.4,1.0,0.3333333333333333,5,15
3902,0.5714285714285715,0.5028571428571429,0.2,0.6,1.0,0.4,6,15
3903,0.5882352941176471,0.5529411764705883,0.6,0.8,1.0,0.4166666666666667,5,12
3904,0.7142857142857143,0.5428571428571429,-0.6,0.2,1.0,0.5555555555555556,5,9
3905,0.7499999999999999,0.6299999999999999,-0.06666666666666667,0.4666666666666667,1.0,0.6,6,10
3906,0.7142857142857143,0.6714285714285714,0.6,0.8,1.0,0.5555555555555556,5,9
3907,0.5333333333333333,0.4533333333333333,0.0,0.5,1.0,0.36363636363636365,4,11
3908,0.8,0.8,1.0,1.0,1.0,0.6666666666666666,4,6
3909,0.5882352941176471,0.4117647058823529,-1.0,0.0,1.0,0.4166666666666667,5,12
3910,0.7692307692307693,0.6769230769230768,0.2,0.6,1.0,0.625,5,8
3911,0.888888888888889,0.7111111111111111,-0.3333333333333333,0.33333333333333337,1.0,0.8,4,5
3912,0.42857142857142855,0.42857142857142855,1.0,1.0,1.0,0.2727272727272727,3,11
3913,0.47058823529411764,0.4235294117647058,0.3333333333333333,0.6666666666666666,1.0,0.3076923076923077,4,13
3914,0.5714285714285715,0.48571428571428577,0.0,0.5,1.0,0.4,4,10
3915,0.7368421052631579,0.5789473684210525,-0.42857142857142855,0.2857142857142857,1.0,0.5833333333333334,7,12
3916,0.6666666666666666,0.5,-0.6666666666666666,0.16666666666666669,1.0,0.5,4,8
3917,0.6666666666666666,0.6333333333333333,0.6666666666666666,0.8333333333333333,1.0,0.5,4,8
3918,0.5333333333333333,0.4533333333333333,0.0,0.5,1.0,0.36363636363636365,4,11
3919,0.7058823529411764,0.5647058823529411,-0.3333333333333333,0.33333333333333337,1.0,0.5454545454545454,6,11
3920,0.5882352941176471,0.5352941176470588,0.4,0.7,1.0,0.4166666666666667,5,12
3921,0.4,0.4,1.0,1.0,1.0,0.25,4,16
3922,0.9090909090909091,0.7939393939393938,0.15555555555555556,0.5777777777777777,1.0,0.8333333333333334,10,12
3923,0.375,0.26249999999999996,-1.0,0.0,1.0,0.23076923076923078,3,13
3924,0.5882352941176471,0.5529411764705883,0.6,0.8,1.0,0.4166666666666667,5,12
3925,0.7499999999999999,0.6149999999999999,-0.2,0.4,1.0,0.6,6,10
3926,0.5263157894736842,0.4947368421052631,0.6,0.8,1.0,0.35714285714285715,5,14
3927,0.5714285714285715,0.4571428571428572,-0.3333333333333333,0.33333333333333337,1.0,0.4,4,10
3928,0.8421052631578948,0.6796992481203007,-0.2857142857142857,0.35714285714285715,1.0,0.7272727272727273,8,11
3929,0.625,0.5499999999999999,0.2,0.6,1.0,0.45454545454545453,5,11
3930,0.7499999999999999,0.6599999999999998,0.2,0.6,1.0,0.6,6,10
3931,0.47058823529411764,0.47058823529411764,1.0,1.0,1.0,0.3076923076923077,4,13
3932,0.8333333333333333,0.7333333333333332,0.2,0.6,1.0,0.7142857142857143,5,7
3933,0.5882352941176471,0.5176470588235293,0.2,0.6,1.0,0.4166666666666667,5,12
3934,0.6153846153846153,0.523076923076923,0.0,0.5,1.0,0.4444444444444444,4,9
3935,0.7058823529411764,0.6211764705882351,0.2,0.6,1.0,0.5454545454545454,6,11
3936,0.5555555555555556,0.45555555555555555,-0.2,0.4,1.0,0.38461538461538464,5,13
3937,0.47058823529411764,0.4235294117647058,0.3333333333333333,0.6666666666666666,1.0,0.3076923076923077,4,13
3938,0.5333333333333333,0.5333333333333333,1.0,1.0,1.0,0.36363636363636365,4,11
3939,0.6666666666666666,0.5999999999999999,0.3333333333333333,0.6666666666666666,1.0,0.5,4,8
3940,0.7142857142857143,0.6285714285714286,0.2,0.6,1.0,0.5555555555555556,5,9
3941,0.8,0.72,0.3333333333333333,0.6666666666666666,1.0,0.6666666666666666,4,6
3942,1.0,0.85,0.0,0.5,1.0,1.0,4,4
3943,0.7499999999999999,0.6149999999999999,-0.2,0.4,1.0,0.6,6,10
3944,0.5555555555555556,0.4722222222222222,0.0,0.5,1.0,0.38461538461538464,5,13
3945,0.7142857142857143,0.6714285714285714,0.6,0.8,1.0,0.5555555555555556,5,9
3946,0.6,0.4799999999999999,-0.3333333333333333,0.33333333333333337,1.0,0.42857142857142855,6,14
3947,0.6666666666666666,0.5466666666666666,-0.2,0.4,1.0,0.5,5,10
3948,1.0,0.95,0.6666666666666666,0.8333333333333333,1.0,1.0,4,4
3949,0.9333333333333333,0.72,-0.5238095238095238,0.23809523809523808,0.875,1.0,8,7
3950,0.5,0.39999999999999997,-0.3333333333333333,0.33333333333333337,1.0,0.3333333333333333,4,12
3951,0.6666666666666666,0.5666666666666667,0.0,0.5,1.0,0.5,5,10
3952,0.9090909090909091,0.8272727272727272,0.4,0.7,1.0,0.8333333333333334,5,6
3953,0.5333333333333333,0.5066666666666666,0.6666666666666666,0.8333333333333333,1.0,0.36363636363636365,4,11
3954,0.6666666666666666,0.5333333333333332,-0.3333333333333333,0.33333333333333337,1.0,0.5,4,8
3955,1.0,0.9099999999999999,0.4,0.7,1.0,1.0,5,5
3956,0.9333333333333333,0.84,0.3333333333333333,0.6666666666666666,0.875,1.0,8,7
3957,0.5882352941176471,0.5176470588235293,0.2,0.6,1.0,0.4166666666666667,5,12
3958,0.5,0.39999999999999997,-0.3333333333333333,0.33333333333333337,1.0,0.3333333333333333,4,12
3959,0.4210526315789474,0.4,0.6666666666666666,0.8333333333333333,1.0,0.26666666666666666,4,15
3960,0.5333333333333333,0.5066666666666666,0.6666666666666666,0.8333333333333333,1.0,0.36363636363636365,4,11
3961,0.7692307692307693,0.6769230769230768,0.2,0.6,1.0,0.625,5,8
3962,0.625,0.5499999999999999,0.2,0.6,1.0,0.45454545454545453,5,11
3963,0.7777777777777778,0.6777777777777777,0.14285714285714285,0.5714285714285714,1.0,0.6363636363636364,7,11
3964,0.8,0.72,0.3333333333333333,0.6666666666666666,1.0,0.6666666666666666,4,6
3965,0.923076923076923,0.7569230769230768,-0.2,0.4,1.0,0.8571428571428571,6,7
3966,0.6666666666666666,0.6066666666666666,0.4,0.7,1.0,0.5,5,10
3967,0.47058823529411764,0.47058823529411764,1.0,1.0,1.0,0.3076923076923077,4,13
3968,0.5,0.35,-1.0,0.0,1.0,0.3333333333333333,3,9
3969,0.6153846153846153,0.5846153846153845,0.6666666666666666,0.8333333333333333,1.0,0.4444444444444444,4,9
3970,0.5333333333333333,0.5333333333333333,1.0,1.0,1.0,0.36363636363636365,4,11
3971,0.7142857142857143,0.7142857142857143,1.0,1.0,1.0,0.5555555555555556,5,9
3972,0.5,0.39499999999999996,-0.4,0.3,1.0,0.3333333333333333,5,15
3973,0.7000000000000001,0.61,0.14285714285714285,0.5714285714285714,1.0,0.5384615384615384,7,13
3974,0.7058823529411764,0.6352941176470587,0.3333333333333333,0.6666666666666666,1.0,0.5454545454545454,6,11
3975,0.923076923076923,0.7938461538461538,0.06666666666666667,0.5333333333333333,1.0,0.8571428571428571,6,7
3976,0.47058823529411764,0.44705882352941173,0.6666666666666666,0.8333333333333333,1.0,0.3076923076923077,4,13
3977,0.5882352941176471,0.5705882352941176,0.8,0.9,1.0,0.4166666666666667,5,12
3978,0.8,0.64,-0.3333333333333333,0.33333333333333337,1.0,0.6666666666666666,4,6
3979,0.7499999999999999,0.6749999999999998,0.3333333333333333,0.6666666666666666,1.0,0.6,3,5
3980,0.5714285714285715,0.4914285714285715,0.06666666666666667,0.5333333333333333,1.0,0.4,6,15
3981,1.0,0.97,0.8,0.9,1.0,1.0,5,5
3982,0.625,0.53125,0.0,0.5,1.0,0.45454545454545453,5,11
3983,0.6666666666666666,0.5999999999999999,0.3333333333333333,0.6666666666666666,1.0,0.5,4,8
3984,0.9090909090909091,0.8545454545454545,0.6,0.8,0.8333333333333334,1.0,6,5
3985,0.6666666666666666,0.5666666666666667,0.0,0.5,1.0,0.5,5,10
3986,0.7692307692307693,0.6769230769230768,0.2,0.6,1.0,0.625,5,8
3987,0.7142857142857143,0.6499999999999999,0.4,0.7,1.0,0.5555555555555556,5,9
3988,0.5882352941176471,0.46470588235294114,-0.4,0.3,1.0,0.4166666666666667,5,12
3989,0.5714285714285715,0.5428571428571429,0.6666666666666666,0.8333333333333333,1.0,0.4,4,10
3990,0.6666666666666666,0.5333333333333332,-0.3333333333333333,0.33333333333333337,1.0,0.5,4,8
3991,0.6666666666666666,0.6266666666666666,0.6,0.8,1.0,0.5,5,10
3992,0.42857142857142855,0.3428571428571428,-0.3333333333333333,0.33333333333333337,1.0,0.2727272727272727,3,11
3993,0.5714285714285715,0.5428571428571429,0.6666666666666666,0.8333333333333333,1.0,0.4,4,10
3994,0.5217391304347826,0.4695652173913043,0.3333333333333333,0.6666666666666666,1.0,0.35294117647058826,6,17
3995,0.5714285714285715,0.5142857142857143,0.3333333333333333,0.6666666666666666,1.0,0.4,4,10
3996,0.4210526315789474,0.35789473684210527,0.0,0.5,1.0,0.26666666666666666,4,15
3997,0.7692307692307693,0.6538461538461539,0.0,0.5,1.0,0.625,5,8
3998,0.5882352941176471,0.5,0.0,0.5,1.0,0.4166666666666667,5,12
3999,0.8,0.72,0.3333333333333333,0.6666666666666666,1.0,0.6666666666666666,4,6
4000,0.5,0.44999999999999996,0.3333333333333333,0.6666666666666666,1.0,0.3333333333333333,4,12
4001,0.5,0.38,-0.6,0.2,1.0,0.3333333333333333,5,15
4002,0.6666666666666666,0.5866666666666666,0.2,0.6,1.0,0.5,5,10
4003,0.625,0.49374999999999997,-0.4,0.3,1.0,0.45454545454545453,5,11
4004,0.5882352941176471,0.5176470588235293,0.2,0.6,1.0,0.4166666666666667,5,12
4005,0.7142857142857143,0.6499999999999999,0.4,0.7,1.0,0.5555555555555556,5,9
4006,0.6086956521739131,0.46956521739130436,-0.5238095238095238,0.23809523809523808,1.0,0.4375,7,16
4007,0.6,0.4679999999999999,-0.4666666666666667,0.26666666666666666,1.0,0.42857142857142855,6,14
4008,0.625,0.60625,0.8,0.9,1.0,0.45454545454545453,5,11
4009,0.7692307692307693,0.7,0.4,0.7,1.0,0.625,5,8
4010,0.5555555555555556,0.4388888888888889,-0.4,0.3,1.0,0.38461538461538464,5,13
4011,0.33333333333333337,0.33333333333333337,1.0,1.0,0.2,1.0,5,1
4012,0.5714285714285715,0.4571428571428572,-0.3333333333333333,0.33333333333333337,1.0,0.4,4,10
4013,0.5,0.425,0.0,0.5,1.0,0.3333333333333333,4,12
4014,0.6363636363636364,0.5545454545454545,0.14285714285714285,0.5714285714285714,1.0,0.4666666666666667,7,15
4015,0.7272727272727273,0.6545454545454545,0.3333333333333333,0.6666666666666666,1.0,0.5714285714285714,4,7
4016,0.6666666666666666,0.6666666666666666,1.0,1.0,1.0,0.5,4,8
4017,0.625,0.5125,-0.2,0.4,1.0,0.45454545454545453,5,11
4018,0.5454545454545454,0.49090909090909085,0.3333333333333333,0.6666666666666666,1.0,0.375,3,8
4019,0.7142857142857143,0.6285714285714286,0.2,0.6,1.0,0.5555555555555556,5,9
4020,0.6666666666666666,0.5666666666666667,0.0,0.5,1.0,0.5,4,8
4021,0.7777777777777778,0.6888888888888889,0.23809523809523808,0.6190476190476191,1.0,0.6363636363636364,7,11
4022,0.7272727272727273,0.6181818181818182,0.0,0.5,1.0,0.5714285714285714,4,7
4023,0.5263157894736842,0.4947368421052631,0.6,0.8,1.0,0.35714285714285715,5,14
4024,0.5882352941176471,0.46470588235294114,-0.4,0.3,1.0,0.4166666666666667,5,12
4025,0.7272727272727273,0.6545454545454545,0.3333333333333333,0.6666666666666666,1.0,0.5714285714285714,4,7
4026,0.8,0.6000000000000001,-0.6666666666666666,0.16666666666666669,1.0,0.6666666666666666,4,6
4027,0.6666666666666666,0.5333333333333332,-0.3333333333333333,0.33333333333333337,1.0,0.5,6,12
4028,0.7499999999999999,0.6599999999999998,0.2,0.6,1.0,0.6,6,10
4029,0.8,0.76,0.6666666666666666,0.8333333333333333,1.0,0.6666666666666666,4,6
4030,0.625,0.56875,0.4,0.7,1.0,0.45454545454545453,5,11
4031,0.5555555555555556,0.5555555555555556,1.0,1.0,1.0,0.38461538461538464,5,13
4032,0.5882352941176471,0.5705882352941176,0.8,0.9,1.0,0.4166666666666667,5,12
4033,0.7272727272727273,0.6545454545454545,0.3333333333333333,0.6666666666666666,1.0,0.5714285714285714,4,7
4034,0.8,0.76,0.6666666666666666,0.8333333333333333,1.0,0.6666666666666666,4,6
4035,0.5333333333333333,0.4799999999999999,0.3333333333333333,0.6666666666666666,1.0,0.36363636363636365,4,11
4036,0.8,0.68,0.0,0.5,1.0,0.6666666666666666,4,6
4037,0.888888888888889,0.6222222222222222,-1.0,0.0,0.8,1.0,5,4
4038,0.6666666666666666,0.5599999999999999,-0.06666666666666667,0.4666666666666667,1.0,0.5,6,12
4039,0.7692307692307693,0.6076923076923076,-0.4,0.3,1.0,0.625,5,8
4040,0.7272727272727273,0.5454545454545454,-0.6666666666666666,0.16666666666666669,1.0,0.5714285714285714,4,7
4041,0.888888888888889,0.7999999999999999,0.3333333333333333,0.6666666666666666,1.0,0.8,4,5
4042,0.625,0.60625,0.8,0.9,1.0,0.45454545454545453,5,11
4043,0.8333333333333333,0.7583333333333332,0.4,0.7,1.0,0.7142857142857143,5,7
4044,0.888888888888889,0.765079365079365,0.07142857142857142,0.5357142857142857,1.0,0.8,8,10
4045,0.4444444444444445,0.4444444444444445,1.0,1.0,1.0,0.2857142857142857,4,14
4046,0.6666666666666666,0.6666666666666666,1.0,1.0,1.0,0.5,3,6
4047,0.5882352941176471,0.46470588235294114,-0.4,0.3,1.0,0.4166666666666667,5,12
4048,0.888888888888889,0.6666666666666667,-0.6666666666666666,0.16666666666666669,1.0,0.8,4,5
4049,0.6666666666666666,0.5333333333333332,-0.3333333333333333,0.33333333333333337,1.0,0.5,4,8
4050,0.8333333333333333,0.7583333333333332,0.4,0.7,1.0,0.7142857142857143,5,7
4051,0.6666666666666666,0.5999999999999999,0.3333333333333333,0.6666666666666666,1.0,0.5,4,8
4052,0.5555555555555556,0.4222222222222222,-0.6,0.2,1.0,0.38461538461538464,5,13
4053,0.2857142857142857,0.2857142857142857,1.0,1.0,0.16666666666666666,1.0,6,1
4054,0.4615384615384615,0.4153846153846153,0.3333333333333333,0.6666666666666666,1.0,0.3,3,10
4055,0.5333333333333333,0.4533333333333333,0.0,0.5,1.0,0.36363636363636365,4,11
4056,0.5263157894736842,0.431578947368421,-0.2,0.4,1.0,0.35714285714285715,5,14
4057,0.7692307692307693,0.7461538461538462,0.8,0.9,1.0,0.625,5,8
4058,0.7692307692307693,0.7230769230769231,0.6,0.8,1.0,0.625,5,8
4059,0.5454545454545454,0.49090909090909085,0.3333333333333333,0.6666666666666666,1.0,0.375,3,8
4060,0.7499999999999999,0.5999999999999999,-0.3333333333333333,0.33333333333333337,1.0,0.6,3,5
4061,0.7499999999999999,0.6149999999999999,-0.2,0.4,1.0,0.6,6,10
4062,0.6666666666666666,0.6266666666666666,0.6,0.8,1.0,0.5,5,10
4063,0.8750000000000001,0.7625,0.14285714285714285,0.5714285714285714,1.0,0.7777777777777778,7,9
4064,0.9333333333333333,0.8666666666666666,0.5238095238095238,0.7619047619047619,1.0,0.875,7,8
4065,0.5,0.375,-0.6666666666666666,0.16666666666666669,1.0,0.3333333333333333,4,12
4066,0.5555555555555556,0.4888888888888889,0.2,0.6,1.0,0.38461538461538464,5,13
4067,0.5,0.38,-0.6,0.2,1.0,0.3333333333333333,5,15
4068,0.6666666666666666,0.5666666666666667,0.0,0.5,1.0,0.5,4,8
4069,0.888888888888889,0.7111111111111111,-0.3333333333333333,0.33333333333333337,0.8,1.0,5,4
4070,0.375,0.3,-0.3333333333333333,0.33333333333333337,1.0,0.23076923076923078,3,13
4071,0.6666666666666666,0.5266666666666666,-0.4,0.3,1.0,0.5,5,10
4072,0.47058823529411764,0.47058823529411764,1.0,1.0,1.0,0.3076923076923077,4,13
4073,0.631578947368421,0.5684210526315788,0.3333333333333333,0.6666666666666666,1.0,0.46153846153846156,6,13
4074,0.5,0.425,0.0,0.5,1.0,0.3333333333333333,5,15
4075,1.0,0.82,-0.2,0.4,1.0,1.0,5,5
4076,0.6363636363636364,0.5363636363636363,-0.047619047619047616,0.47619047619047616,1.0,0.4666666666666667,7,15
4077,0.4444444444444445,0.37777777777777777,0.0,0.5,1.0,0.2857142857142857,4,14
4078,0.5555555555555556,0.4722222222222222,0.0,0.5,1.0,0.38461538461538464,5,13
4079,0.5333333333333333,0.4533333333333333,0.0,0.5,1.0,0.36363636363636365,4,11
4080,0.923076923076923,0.8492307692307691,0.4666666666666667,0.7333333333333334,1.0,0.8571428571428571,6,7
4081,0.7692307692307693,0.6538461538461539,0.0,0.5,1.0,0.625,5,8
4082,0.33333333333333337,0.26666666666666666,-0.3333333333333333,0.33333333333333337,1.0,0.2,3,15
4083,0.5454545454545454,0.4363636363636363,-0.3333333333333333,0.33333333333333337,1.0,0.375,3,8
4084,0.8235294117647058,0.7176470588235293,0.14285714285714285,0.5714285714285714,1.0,0.7,7,10
4085,0.5,0.425,0.0,0.5,1.0,0.3333333333333333,5,15
4086,0.5555555555555556,0.4888888888888889,0.2,0.6,1.0,0.38461538461538464,5,13
4087,0.7142857142857143,0.6499999999999999,0.4,0.7,1.0,0.5555555555555556,5,9
4088,0.5555555555555556,0.4888888888888889,0.2,0.6,1.0,0.38461538461538464,5,13
4089,0.6153846153846153,0.523076923076923,0.0,0.5,1.0,0.4444444444444444,4,9
4090,0.4444444444444445,0.4222222222222222,0.6666666666666666,0.8333333333333333,1.0,0.2857142857142857,4,14
4091,0.8333333333333333,0.7583333333333332,0.4,0.7,1.0,0.7142857142857143,5,7
4092,0.7692307692307693,0.7692307692307693,1.0,1.0,1.0,0.625,5,8
4093,0.8,0.6080000000000001,-0.6,0.2,1.0,0.6666666666666666,6,9
4094,0.9090909090909091,0.7999999999999998,0.2,0.6,1.0,0.8333333333333334,5,6
4095,0.6666666666666666,0.6066666666666666,0.4,0.7,1.0,0.5,5,10
4096,0.9090909090909091,0.7999999999999998,0.2,0.6,0.8333333333333334,1.0,6,5
4097,0.6666666666666666,0.6066666666666666,0.4,0.7,1.0,0.5,5,10
4098,0.7142857142857143,0.6714285714285714,0.6,0.8,1.0,0.5555555555555556,5,9
4099,0.8571428571428571,0.7714285714285714,0.3333333333333333,0.6666666666666666,1.0,0.75,6,8
4100,1.0,0.85,0.0,0.5,1.0,1.0,4,4
4101,0.5714285714285715,0.5142857142857143,0.3333333333333333,0.6666666666666666,1.0,0.4,4,10
4102,0.923076923076923,0.7938461538461538,0.06666666666666667,0.5333333333333333,1.0,0.8571428571428571,6,7
4103,0.47058823529411764,0.39999999999999997,0.0,0.5,1.0,0.3076923076923077,4,13
4104,0.8750000000000001,0.7875,0.3333333333333333,0.6666666666666666,1.0,0.7777777777777778,7,9
4105,0.6153846153846153,0.5846153846153845,0.6666666666666666,0.8333333333333333,1.0,0.4444444444444444,4,9
4106,0.6666666666666666,0.5466666666666666,-0.2,0.4,1.0,0.5,5,10
4107,0.9333333333333333,0.8533333333333333,0.42857142857142855,0.7142857142857143,1.0,0.875,7,8
4108,0.7272727272727273,0.6909090909090909,0.6666666666666666,0.8333333333333333,1.0,0.5714285714285714,4,7
4109,0.5882352941176471,0.5,0.0,0.5,1.0,0.4166666666666667,5,12
4110,0.7058823529411764,0.6917647058823528,0.8666666666666667,0.9333333333333333,1.0,0.5454545454545454,6,11
4111,0.631578947368421,0.5810526315789473,0.4666666666666667,0.7333333333333334,1.0,0.46153846153846156,6,13
4112,0.6666666666666666,0.6066666666666666,0.4,0.7,1.0,0.5,5,10
4113,0.7692307692307693,0.6307692307692307,-0.2,0.4,1.0,0.625,5,8
4114,0.8571428571428571,0.72,-0.06666666666666667,0.4666666666666667,1.0,0.75,6,8
4115,0.47058823529411764,0.4235294117647058,0.3333333333333333,0.6666666666666666,1.0,0.3076923076923077,4,13
4116,0.625,0.53125,0.0,0.5,1.0,0.45454545454545453,5,11
4117,0.5714285714285715,0.4571428571428572,-0.3333333333333333,0.33333333333333337,1.0,0.4,4,10
4118,0.375,0.3,-0.3333333333333333,0.33333333333333337,1.0,0.23076923076923078,3,13
4119,0.7142857142857143,0.5857142857142857,-0.2,0.4,1.0,0.5555555555555556,5,9
4120,0.5333333333333333,0.4533333333333333,0.0,0.5,1.0,0.36363636363636365,4,11
4121,0.42857142857142855,0.3428571428571428,-0.3333333333333333,0.33333333333333337,1.0,0.2727272727272727,3,11
4122,0.7142857142857143,0.6714285714285714,0.6,0.8,1.0,0.5555555555555556,5,9
4123,0.5882352941176471,0.5529411764705883,0.6,0.8,1.0,0.4166666666666667,5,12
4124,0.8,0.72,0.3333333333333333,0.6666666666666666,1.0,0.6666666666666666,4,6
4125,0.6666666666666666,0.5866666666666666,0.2,0.6,1.0,0.5,5,10
4126,0.8,0.64,-0.3333333333333333,0.33333333333333337,1.0,0.6666666666666666,4,6
4127,0.7142857142857143,0.6499999999999999,0.4,0.7,1.0,0.5555555555555556,5,9
4128,0.5714285714285715,0.5142857142857143,0.3333333333333333,0.6666666666666666,1.0,0.4,4,10
4129,0.45454545454545453,0.44090909090909086,0.8,0.9,1.0,0.29411764705882354,5,17
4130,0.7692307692307693,0.6769230769230768,0.2,0.6,1.0,0.625,5,8
4131,0.6363636363636364,0.5636363636363636,0.23809523809523808,0.6190476190476191,1.0,0.4666666666666667,7,15
4132,0.47058823529411764,0.44705882352941173,0.6666666666666666,0.8333333333333333,1.0,0.3076923076923077,4,13
4133,0.7499999999999999,0.6149999999999999,-0.2,0.4,1.0,0.6,6,10
4134,0.5263157894736842,0.4473684210526315,0.0,0.5,1.0,0.35714285714285715,5,14
4135,0.9090909090909091,0.8272727272727272,0.4,0.7,1.0,0.8333333333333334,5,6
4136,0.5882352941176471,0.5705882352941176,0.8,0.9,1.0,0.4166666666666667,5,12
4137,0.47619047619047616,0.4047619047619047,0.0,0.5,1.0,0.3125,5,16
4138,0.5,0.475,0.6666666666666666,0.8333333333333333,1.0,0.3333333333333333,4,12
4139,0.6153846153846153,0.6153846153846153,1.0,1.0,1.0,0.4444444444444444,4,9
4140,0.5882352941176471,0.4470588235294118,-0.6,0.2,1.0,0.4166666666666667,5,12
4141,1.0,0.8285714285714285,-0.14285714285714285,0.4285714285714286,1.0,1.0,7,7
4142,0.631578947368421,0.48,-0.6,0.2,1.0,0.46153846153846156,6,13
4143,0.5714285714285715,0.48571428571428577,0.0,0.5,1.0,0.4,4,10
4144,0.7692307692307693,0.6769230769230768,0.2,0.6,1.0,0.625,5,8
4145,0.5454545454545454,0.4363636363636363,-0.3333333333333333,0.33333333333333337,1.0,0.375,3,8
4146,0.5,0.5,1.0,1.0,1.0,0.3333333333333333,3,9
4147,0.888888888888889,0.7999999999999999,0.3333333333333333,0.6666666666666666,1.0,0.8,4,5
4148,0.9090909090909091,0.9090909090909091,1.0,1.0,1.0,0.8333333333333334,5,6
4149,0.5,0.44999999999999996,0.3333333333333333,0.6666666666666666,1.0,0.3333333333333333,4,12
4150,0.8421052631578948,0.7428571428571429,0.21428571428571427,0.6071428571428571,1.0,0.7272727272727273,8,11
4151,0.33333333333333337,0.26666666666666666,-0.3333333333333333,0.33333333333333337,1.0,0.2,3,15
4152,0.7000000000000001,0.6,0.047619047619047616,0.5238095238095238,1.0,0.5384615384615384,7,13
4153,0.9090909090909091,0.7999999999999998,0.2,0.6,1.0,0.8333333333333334,5,6
4154,0.5,0.425,0.0,0.5,1.0,0.3333333333333333,4,12
4155,0.47058823529411764,0.39999999999999997,0.0,0.5,1.0,0.3076923076923077,4,13
4156,0.9473684210526316,0.8921052631578947,0.6111111111111112,0.8055555555555556,1.0,0.9,9,10
4157,0.7692307692307693,0.7230769230769231,0.6,0.8,1.0,0.625,5,8
4158,0.5714285714285715,0.5428571428571429,0.6666666666666666,0.8333333333333333,1.0,0.4,4,10
4159,0.8,0.76,0.6666666666666666,0.8333333333333333,1.0,0.6666666666666666,4,6
4160,0.6666666666666666,0.5333333333333332,-0.3333333333333333,0.33333333333333337,1.0,0.5,4,8
4161,0.6153846153846153,0.5846153846153845,0.6666666666666666,0.8333333333333333,1.0,0.4444444444444444,4,9
4162,0.8,0.672,-0.06666666666666667,0.4666666666666667,1.0,0.6666666666666666,6,9
4163,0.8571428571428571,0.7371428571428571,0.06666666666666667,0.5333333333333333,1.0,0.75,6,8
4164,0.6153846153846153,0.523076923076923,0.0,0.5,1.0,0.4444444444444444,4,9
4165,0.5882352941176471,0.5,0.0,0.5,1.0,0.4166666666666667,5,12
4166,0.8,0.68,0.0,0.5,1.0,0.6666666666666666,4,6
4167,0.7142857142857143,0.5642857142857143,-0.4,0.3,1.0,0.5555555555555556,5,9
4168,0.8,0.6880000000000001,0.06666666666666667,0.5333333333333333,1.0,0.6666666666666666,6,9
4169,0.8,0.68,0.0,0.5,1.0,0.6666666666666666,4,6
4170,0.7692307692307693,0.6538461538461539,0.0,0.5,1.0,0.625,5,8
4171,0.5882352941176471,0.5352941176470588,0.4,0.7,1.0,0.4166666666666667,5,12
4172,0.6,0.4799999999999999,-0.3333333333333333,0.33333333333333337,1.0,0.42857142857142855,3,7
4173,0.6666666666666666,0.6333333333333333,0.6666666666666666,0.8333333333333333,1.0,0.5,4,8
4174,0.7142857142857143,0.6071428571428571,0.0,0.5,1.0,0.5555555555555556,5,9
4175,0.6153846153846153,0.5846153846153845,0.6666666666666666,0.8333333333333333,1.0,0.4444444444444444,4,9
4176,0.4,0.4,1.0,1.0,0.25,1.0,4,1
4177,0.7499999999999999,0.6749999999999998,0.3333333333333333,0.6666666666666666,1.0,0.6,6,10
4178,0.6666666666666666,0.6466666666666666,0.8,0.9,1.0,0.5,5,10
4179,1.0,0.8799999999999999,0.2,0.6,1.0,1.0,5,5
4180,0.7692307692307693,0.6538461538461539,0.0,0.5,1.0,0.625,5,8
4181,0.5,0.45499999999999996,0.4,0.7,1.0,0.3333333333333333,5,15
4182,0.8235294117647058,0.6823529411764705,-0.14285714285714285,0.4285714285714286,1.0,0.7,7,10
4183,0.42857142857142855,0.42857142857142855,1.0,1.0,1.0,0.2727272727272727,3,11
4184,0.6153846153846153,0.4923076923076922,-0.3333333333333333,0.33333333333333337,1.0,0.4444444444444444,4,9
4185,0.625,0.60625,0.8,0.9,0.45454545454545453,1.0,11,5
4186,0.6666666666666666,0.5666666666666667,0.0,0.5,1.0,0.5,4,8
4187,0.7777777777777778,0.7333333333333333,0.6190476190476191,0.8095238095238095,1.0,0.6363636363636364,7,11
4188,0.7692307692307693,0.7230769230769231,0.6,0.8,1.0,0.625,5,8
4189,0.6666666666666666,0.6333333333333333,0.6666666666666666,0.8333333333333333,1.0,0.5,4,8
4190,0.7142857142857143,0.6285714285714286,0.2,0.6,1.0,0.5555555555555556,5,9
4191,0.9333333333333333,0.8666666666666666,0.5238095238095238,0.7619047619047619,1.0,0.875,7,8
4192,0.631578947368421,0.5431578947368421,0.06666666666666667,0.5333333333333333,1.0,0.46153846153846156,6,13
4193,0.5555555555555556,0.4722222222222222,0.0,0.5,1.0,0.38461538461538464,5,13
4194,0.8235294117647058,0.6352941176470587,-0.5238095238095238,0.23809523809523808,1.0,0.7,7,10
4195,0.6153846153846153,0.5538461538461538,0.3333333333333333,0.6666666666666666,1.0,0.4444444444444444,4,9
4196,0.6153846153846153,0.5538461538461538,0.3333333333333333,0.6666666666666666,1.0,0.4444444444444444,4,9
4197,0.625,0.60625,0.8,0.9,1.0,0.45454545454545453,5,11
4198,0.2222222222222222,0.2222222222222222,1.0,1.0,0.125,1.0,8,1
4199,0.375,0.375,1.0,1.0,1.0,0.23076923076923078,3,13
4200,0.7272727272727273,0.6909090909090909,0.6666666666666666,0.8333333333333333,1.0,0.5714285714285714,4,7
4201,0.6666666666666666,0.5866666666666666,0.2,0.6,1.0,0.5,5,10
4202,0.9090909090909091,0.8272727272727272,0.4,0.7,1.0,0.8333333333333334,5,6
4203,0.8,0.72,0.3333333333333333,0.6666666666666666,1.0,0.6666666666666666,6,9
4204,0.5555555555555556,0.5222222222222223,0.6,0.8,1.0,0.38461538461538464,5,13
4205,0.5,0.39499999999999996,-0.4,0.3,1.0,0.3333333333333333,5,15
4206,0.6666666666666666,0.5866666666666666,0.2,0.6,1.0,0.5,5,10
4207,1.0,0.85,0.0,0.5,1.0,1.0,5,5
4208,0.7272727272727273,0.7272727272727273,1.0,1.0,1.0,0.5714285714285714,4,7
4209,0.7692307692307693,0.7,0.4,0.7,1.0,0.625,5,8
4210,0.7272727272727273,0.6181818181818182,0.0,0.5,1.0,0.5714285714285714,4,7
4211,0.8333333333333333,0.7333333333333332,0.2,0.6,1.0,0.7142857142857143,5,7
4212,0.5714285714285715,0.5142857142857143,0.3333333333333333,0.6666666666666666,1.0,0.4,4,10
4213,0.5882352941176471,0.5352941176470588,0.4,0.7,1.0,0.4166666666666667,5,12
4214,0.9333333333333333,0.7733333333333333,-0.14285714285714285,0.4285714285714286,0.875,1.0,8,7
4215,0.9090909090909091,0.8545454545454545,0.6,0.8,1.0,0.8333333333333334,5,6
4216,0.5555555555555556,0.4222222222222222,-0.6,0.2,1.0,0.38461538461538464,5,13
4217,0.5714285714285715,0.4285714285714286,-0.6666666666666666,0.16666666666666669,1.0,0.4,4,10
4218,0.625,0.56875,0.4,0.7,1.0,0.45454545454545453,5,11
4219,0.6666666666666666,0.5666666666666667,0.0,0.5,1.0,0.5,5,10
4220,0.625,0.5125,-0.2,0.4,1.0,0.45454545454545453,5,11
4221,0.7058823529411764,0.6070588235294117,0.06666666666666667,0.5333333333333333,1.0,0.5454545454545454,6,11
4222,0.5,0.39999999999999997,-0.3333333333333333,0.33333333333333337,1.0,0.3333333333333333,4,12
4223,1.0,0.9035714285714285,0.35714285714285715,0.6785714285714286,1.0,1.0,8,8
4224,0.6666666666666666,0.6666666666666666,1.0,1.0,1.0,0.5,4,8
4225,0.7142857142857143,0.5857142857142857,-0.2,0.4,1.0,0.5555555555555556,5,9
4226,0.7142857142857143,0.6071428571428571,0.0,0.5,1.0,0.5555555555555556,5,9
4227,0.5714285714285715,0.48571428571428577,0.0,0.5,1.0,0.4,4,10
4228,0.9333333333333333,0.7866666666666666,-0.047619047619047616,0.47619047619047616,1.0,0.875,7,8
4229,0.9090909090909091,0.7181818181818181,-0.4,0.3,1.0,0.8333333333333334,5,6
4230,0.625,0.53125,0.0,0.5,1.0,0.45454545454545453,5,11
4231,0.5,0.44999999999999996,0.3333333333333333,0.6666666666666666,1.0,0.3333333333333333,4,12
4232,0.8333333333333333,0.7583333333333332,0.4,0.7,0.7142857142857143,1.0,7,5
4233,0.5333333333333333,0.5333333333333333,1.0,1.0,1.0,0.36363636363636365,4,11
4234,0.625,0.5499999999999999,0.2,0.6,1.0,0.45454545454545453,5,11
4235,0.5,0.44999999999999996,0.3333333333333333,0.6666666666666666,1.0,0.3333333333333333,4,12
4236,0.42857142857142855,0.3,-1.0,0.0,1.0,0.2727272727272727,3,11
4237,0.8571428571428571,0.75,0.16666666666666666,0.5833333333333334,1.0,0.75,9,12
4238,0.8,0.76,0.6666666666666666,0.8333333333333333,1.0,0.6666666666666666,4,6
4239,0.6666666666666666,0.5866666666666666,0.2,0.6,1.0,0.5,5,10
4240,0.7692307692307693,0.7,0.4,0.7,1.0,0.625,5,8
4241,0.42857142857142855,0.3428571428571428,-0.3333333333333333,0.33333333333333337,1.0,0.2727272727272727,3,11
4242,0.7692307692307693,0.6769230769230768,0.2,0.6,1.0,0.625,5,8
4243,0.5882352941176471,0.5352941176470588,0.4,0.7,1.0,0.4166666666666667,5,12
4244,0.8,0.68,0.0,0.5,1.0,0.6666666666666666,4,6
4245,0.8333333333333333,0.6583333333333332,-0.4,0.3,1.0,0.7142857142857143,5,7
4246,0.782608695652174,0.6521739130434783,-0.1111111111111111,0.4444444444444444,1.0,0.6428571428571429,9,14
4247,0.7142857142857143,0.6499999999999999,0.4,0.7,1.0,0.5555555555555556,5,9
4248,0.6,0.49199999999999994,-0.2,0.4,1.0,0.42857142857142855,6,14
4249,0.8,0.736,0.4666666666666667,0.7333333333333334,1.0,0.6666666666666666,6,9
4250,0.47058823529411764,0.44705882352941173,0.6666666666666666,0.8333333333333333,1.0,0.3076923076923077,4,13
4251,0.888888888888889,0.6666666666666667,-0.6666666666666666,0.16666666666666669,1.0,0.8,4,5
4252,0.7692307692307693,0.7461538461538462,0.8,0.9,1.0,0.625,5,8
4253,0.6666666666666666,0.6266666666666666,0.6,0.8,1.0,0.5,5,10
4254,0.7142857142857143,0.6285714285714286,0.2,0.6,1.0,0.5555555555555556,5,9
4255,0.5882352941176471,0.5176470588235293,0.2,0.6,1.0,0.4166666666666667,5,12
4256,0.6666666666666666,0.5666666666666667,0.0,0.5,1.0,0.5,4,8
4257,0.4444444444444445,0.4222222222222222,0.6666666666666666,0.8333333333333333,1.0,0.2857142857142857,4,14
4258,0.888888888888889,0.7555555555555555,0.0,0.5,1.0,0.8,4,5
4259,0.7368421052631579,0.6631578947368421,0.3333333333333333,0.6666666666666666,1.0,0.5833333333333334,7,12
4260,0.5263157894736842,0.46315789473684205,0.2,0.6,1.0,0.35714285714285715,5,14
4261,0.5882352941176471,0.4470588235294118,-0.6,0.2,1.0,0.4166666666666667,5,12
4262,0.625,0.5499999999999999,0.2,0.6,1.0,0.45454545454545453,5,11
4263,0.8333333333333333,0.6833333333333332,-0.2,0.4,1.0,0.7142857142857143,5,7
4264,0.47058823529411764,0.44705882352941173,0.6666666666666666,0.8333333333333333,1.0,0.3076923076923077,4,13
4265,0.625,0.5499999999999999,0.2,0.6,1.0,0.45454545454545453,5,11
4266,0.6666666666666666,0.6666666666666666,1.0,1.0,1.0,0.5,4,8
4267,0.47619047619047616,0.41904761904761895,0.2,0.6,1.0,0.3125,5,16
4268,0.7692307692307693,0.7,0.4,0.7,1.0,0.625,5,8
4269,0.4,0.4,1.0,1.0,0.25,1.0,4,1
4270,0.4210526315789474,0.37894736842105264,0.3333333333333333,0.6666666666666666,1.0,0.26666666666666666,4,15
4271,0.4,0.4,1.0,1.0,0.25,1.0,4,1
4272,0.8,0.64,-0.3333333333333333,0.33333333333333337,1.0,0.6666666666666666,4,6
4273,0.5333333333333333,0.42666666666666664,-0.3333333333333333,0.33333333333333337,1.0,0.36363636363636365,4,11
4274,0.631578947368421,0.5305263157894736,-0.06666666666666667,0.4666666666666667,1.0,0.46153846153846156,6,13
4275,0.8,0.64,-0.3333333333333333,0.33333333333333337,1.0,0.6666666666666666,4,6
4276,0.4347826086956522,0.3695652173913044,0.0,0.5,1.0,0.2777777777777778,5,18
4277,0.8571428571428571,0.7028571428571427,-0.2,0.4,1.0,0.75,6,8
4278,0.5555555555555556,0.4888888888888889,0.2,0.6,1.0,0.38461538461538464,5,13
4279,0.8235294117647058,0.6705882352941176,-0.23809523809523808,0.38095238095238093,1.0,0.7,7,10
4280,0.7272727272727273,0.6909090909090909,0.6666666666666666,0.8333333333333333,1.0,0.5714285714285714,4,7
4281,0.6666666666666666,0.5066666666666666,-0.6,0.2,1.0,0.5,5,10
4282,0.8,0.72,0.3333333333333333,0.6666666666666666,1.0,0.6666666666666666,4,6
4283,0.4210526315789474,0.35789473684210527,0.0,0.5,1.0,0.26666666666666666,4,15
4284,0.6153846153846153,0.523076923076923,0.0,0.5,1.0,0.4444444444444444,4,9
4285,0.6666666666666666,0.5333333333333332,-0.3333333333333333,0.33333333333333337,1.0,0.5,4,8
4286,0.47058823529411764,0.4235294117647058,0.3333333333333333,0.6666666666666666,1.0,0.3076923076923077,4,13
4287,0.47058823529411764,0.4235294117647058,0.3333333333333333,0.6666666666666666,1.0,0.3076923076923077,4,13
4288,1.0,0.96,0.7333333333333333,0.8666666666666667,1.0,1.0,6,6
4289,0.4444444444444445,0.4222222222222222,0.6666666666666666,0.8333333333333333,1.0,0.2857142857142857,4,14
4290,0.8235294117647058,0.6352941176470587,-0.5238095238095238,0.23809523809523808,1.0,0.7,7,10
4291,0.6666666666666666,0.5666666666666667,0.0,0.5,1.0,0.5,4,8
4292,0.42857142857142855,0.3428571428571428,-0.3333333333333333,0.33333333333333337,1.0,0.2727272727272727,3,11
4293,0.6666666666666666,0.6666666666666666,1.0,1.0,1.0,0.5,5,10
4294,0.47058823529411764,0.4235294117647058,0.3333333333333333,0.6666666666666666,1.0,0.3076923076923077,4,13
4295,0.5,0.39499999999999996,-0.4,0.3,1.0,0.3333333333333333,5,15
4296,0.5555555555555556,0.4222222222222222,-0.6,0.2,1.0,0.38461538461538464,5,13
4297,0.8,0.64,-0.3333333333333333,0.33333333333333337,1.0,0.6666666666666666,4,6
4298,0.33333333333333337,0.33333333333333337,1.0,1.0,0.2,1.0,5,1
4299,0.8,0.64,-0.3333333333333333,0.33333333333333337,1.0,0.6666666666666666,4,6
4300,0.631578947368421,0.5936842105263157,0.6,0.8,1.0,0.46153846153846156,6,13
4301,0.6666666666666666,0.6066666666666666,0.4,0.7,1.0,0.5,5,10
4302,0.4,0.36,0.3333333333333333,0.6666666666666666,1.0,0.25,4,16
4303,0.7499999999999999,0.6899999999999998,0.4666666666666667,0.7333333333333334,1.0,0.6,6,10
4304,0.6153846153846153,0.5538461538461538,0.3333333333333333,0.6666666666666666,1.0,0.4444444444444444,4,9
4305,0.4,0.36,0.3333333333333333,0.6666666666666666,1.0,0.25,4,16
4306,0.7692307692307693,0.7,0.4,0.7,1.0,0.625,5,8
4307,0.5714285714285715,0.4,-1.0,0.0,1.0,0.4,4,10
4308,0.8333333333333333,0.6833333333333332,-0.2,0.4,1.0,0.7142857142857143,5,7
4309,0.888888888888889,0.707936507936508,-0.35714285714285715,0.3214285714285714,1.0,0.8,8,10
4310,0.7692307692307693,0.7230769230769231,0.6,0.8,1.0,0.625,5,8
4311,0.625,0.60625,0.8,0.9,1.0,0.45454545454545453,5,11
4312,0.47058823529411764,0.39999999999999997,0.0,0.5,1.0,0.3076923076923077,4,13
4313,0.4444444444444445,0.35555555555555557,-0.3333333333333333,0.33333333333333337,1.0,0.2857142857142857,4,14
4314,0.5,0.44999999999999996,0.3333333333333333,0.6666666666666666,1.0,0.3333333333333333,4,12
4315,0.9090909090909091,0.7454545454545454,-0.2,0.4,1.0,0.8333333333333334,5,6
4316,0.7692307692307693,0.7230769230769231,0.6,0.8,1.0,0.625,5,8
4317,0.35294117647058826,0.35294117647058826,1.0,1.0,1.0,0.21428571428571427,3,14
4318,0.5263157894736842,0.431578947368421,-0.2,0.4,1.0,0.35714285714285715,5,14
4319,0.7272727272727273,0.6909090909090909,0.6666666666666666,0.8333333333333333,1.0,0.5714285714285714,4,7
4320,0.5882352941176471,0.5529411764705883,0.6,0.8,1.0,0.4166666666666667,5,12
4321,0.8333333333333333,0.7083333333333333,0.0,0.5,1.0,0.7142857142857143,5,7
4322,0.7368421052631579,0.5894736842105263,-0.3333333333333333,0.33333333333333337,1.0,0.5833333333333334,7,12
4323,0.7272727272727273,0.6545454545454545,0.3333333333333333,0.6666666666666666,1.0,0.5714285714285714,4,7
4324,0.5714285714285715,0.4571428571428572,-0.3333333333333333,0.33333333333333337,1.0,0.4,4,10
4325,0.8750000000000001,0.775,0.23809523809523808,0.6190476190476191,1.0,0.7777777777777778,7,9
4326,0.6666666666666666,0.5066666666666666,-0.6,0.2,1.0,0.5,5,10
4327,0.6666666666666666,0.5666666666666667,0.0,0.5,1.0,0.5,5,10
4328,1.0,0.94,0.6,0.8,1.0,1.0,5,5
4329,0.5333333333333333,0.4533333333333333,0.0,0.5,1.0,0.36363636363636365,4,11
4330,0.7142857142857143,0.6071428571428571,0.0,0.5,1.0,0.5555555555555556,5,9
4331,0.6666666666666666,0.5333333333333332,-0.3333333333333333,0.33333333333333337,1.0,0.5,4,8
4332,0.4615384615384615,0.4153846153846153,0.3333333333333333,0.6666666666666666,1.0,0.3,3,10
4333,0.5263157894736842,0.46315789473684205,0.2,0.6,1.0,0.35714285714285715,5,14
4334,0.4210526315789474,0.35789473684210527,0.0,0.5,1.0,0.26666666666666666,4,15
4335,0.7142857142857143,0.6928571428571428,0.8,0.9,1.0,0.5555555555555556,5,9
4336,0.5555555555555556,0.4222222222222222,-0.6,0.2,1.0,0.38461538461538464,5,13
4337,0.6666666666666666,0.5333333333333332,-0.3333333333333333,0.33333333333333337,1.0,0.5,4,8
4338,0.5882352941176471,0.5176470588235293,0.2,0.6,1.0,0.4166666666666667,5,12
4339,0.6666666666666666,0.6066666666666666,0.4,0.7,1.0,0.5,5,10
4340,0.4444444444444445,0.33333333333333337,-0.6666666666666666,0.16666666666666669,1.0,0.2857142857142857,4,14
4341,0.8,0.68,0.0,0.5,1.0,0.6666666666666666,4,6
4342,0.6666666666666666,0.5666666666666667,0.0,0.5,1.0,0.5,4,8
4343,0.625,0.5499999999999999,0.2,0.6,1.0,0.45454545454545453,5,11
4344,0.625,0.475,-0.6,0.2,1.0,0.45454545454545453,5,11
4345,0.8571428571428571,0.8228571428571427,0.7333333333333333,0.8666666666666667,1.0,0.75,6,8
4346,0.47619047619047616,0.4476190476190476,0.6,0.8,1.0,0.3125,5,16
4347,0.35294117647058826,0.35294117647058826,1.0,1.0,1.0,0.21428571428571427,3,14
4348,0.6666666666666666,0.5,-0.6666666666666666,0.16666666666666669,1.0,0.5,4,8
4349,0.5263157894736842,0.4947368421052631,0.6,0.8,1.0,0.35714285714285715,5,14
4350,0.5714285714285715,0.48571428571428577,0.0,0.5,1.0,0.4,4,10
4351,1.0,0.96,0.7333333333333333,0.8666666666666667,1.0,1.0,6,6
4352,0.5,0.43999999999999995,0.2,0.6,1.0,0.3333333333333333,5,15
4353,0.8,0.768,0.7333333333333333,0.8666666666666667,1.0,0.6666666666666666,6,9
4354,0.7142857142857143,0.5857142857142857,-0.2,0.4,1.0,0.5555555555555556,5,9
4355,0.8333333333333333,0.7583333333333332,0.4,0.7,1.0,0.7142857142857143,5,7
4356,0.5714285714285715,0.5142857142857143,0.3333333333333333,0.6666666666666666,1.0,0.4,4,10
4357,0.5714285714285715,0.4571428571428572,-0.3333333333333333,0.33333333333333337,1.0,0.4,4,10
4358,0.7272727272727273,0.6181818181818182,0.0,0.5,1.0,0.5714285714285714,4,7
4359,0.7142857142857143,0.6499999999999999,0.4,0.7,1.0,0.5555555555555556,5,9
4360,0.47058823529411764,0.37647058823529406,-0.3333333333333333,0.33333333333333337,1.0,0.3076923076923077,4,13
4361,0.7142857142857143,0.6499999999999999,0.4,0.7,1.0,0.5555555555555556,5,9
4362,0.5,0.39999999999999997,-0.3333333333333333,0.33333333333333337,1.0,0.3333333333333333,4,12
4363,0.888888888888889,0.7555555555555555,0.0,0.5,1.0,0.8,4,5
4364,0.625,0.475,-0.6,0.2,1.0,0.45454545454545453,5,11
4365,0.5714285714285715,0.4285714285714286,-0.6666666666666666,0.16666666666666669,1.0,0.4,4,10
4366,0.625,0.5125,-0.2,0.4,1.0,0.45454545454545453,5,11
4367,0.8235294117647058,0.7294117647058823,0.23809523809523808,0.6190476190476191,1.0,0.7,7,10
4368,0.9090909090909091,0.8818181818181817,0.8,0.9,1.0,0.8333333333333334,5,6
4369,0.6153846153846153,0.523076923076923,0.0,0.5,1.0,0.4444444444444444,4,9
4370,0.6666666666666666,0.5266666666666666,-0.4,0.3,1.0,0.5,5,10
4371,0.6666666666666666,0.6133333333333333,0.4666666666666667,0.7333333333333334,1.0,0.5,6,12
4372,0.7142857142857143,0.6499999999999999,0.4,0.7,1.0,0.5555555555555556,5,9
4373,0.8750000000000001,0.75,0.047619047619047616,0.5238095238095238,1.0,0.7777777777777778,7,9
4374,0.5333333333333333,0.4533333333333333,0.0,0.5,1.0,0.36363636363636365,4,11
4375,0.5882352941176471,0.5352941176470588,0.4,0.7,1.0,0.4166666666666667,5,12
4376,0.5555555555555556,0.45555555555555555,-0.2,0.4,1.0,0.38461538461538464,5,13
4377,0.7058823529411764,0.6352941176470587,0.3333333333333333,0.6666666666666666,1.0,0.5454545454545454,6,11
4378,0.5555555555555556,0.4888888888888889,0.2,0.6,1.0,0.38461538461538464,5,13
4379,0.7272727272727273,0.6181818181818182,0.0,0.5,1.0,0.5714285714285714,4,7
4380,0.9333333333333333,0.7466666666666666,-0.3333333333333333,0.33333333333333337,1.0,0.875,7,8
4381,0.6153846153846153,0.5846153846153845,0.6666666666666666,0.8333333333333333,1.0,0.4444444444444444,4,9
4382,0.4444444444444445,0.33333333333333337,-0.6666666666666666,0.16666666666666669,1.0,0.2857142857142857,4,14
4383,0.4444444444444445,0.4444444444444445,1.0,1.0,1.0,0.2857142857142857,4,14
4384,0.7692307692307693,0.6076923076923076,-0.4,0.3,1.0,0.625,5,8
4385,0.8333333333333333,0.7083333333333333,0.0,0.5,1.0,0.7142857142857143,5,7
4386,0.8235294117647058,0.7176470588235293,0.14285714285714285,0.5714285714285714,0.7,1.0,10,7
4387,0.7272727272727273,0.6909090909090909,0.6666666666666666,0.8333333333333333,1.0,0.5714285714285714,4,7
4388,0.5333333333333333,0.4533333333333333,0.0,0.5,1.0,0.36363636363636365,4,11
4389,0.6666666666666666,0.5866666666666666,0.2,0.6,1.0,0.5,5,10
4390,0.7272727272727273,0.6181818181818182,0.0,0.5,1.0,0.5714285714285714,4,7
4391,0.5333333333333333,0.5333333333333333,1.0,1.0,1.0,0.36363636363636365,4,11
4392,0.6153846153846153,0.5846153846153845,0.6666666666666666,0.8333333333333333,1.0,0.4444444444444444,4,9
4393,0.5714285714285715,0.48571428571428577,0.0,0.5,1.0,0.4,4,10
4394,0.5555555555555556,0.4888888888888889,0.2,0.6,1.0,0.38461538461538464,5,13
4395,0.923076923076923,0.8676923076923075,0.6,0.8,0.8571428571428571,1.0,7,6
4396,0.4615384615384615,0.3692307692307692,-0.3333333333333333,0.33333333333333337,1.0,0.3,3,10
4397,0.6153846153846153,0.5538461538461538,0.3333333333333333,0.6666666666666666,1.0,0.4444444444444444,4,9
4398,0.625,0.56875,0.4,0.7,1.0,0.45454545454545453,5,11
4399,0.6666666666666666,0.6066666666666666,0.4,0.7,1.0,0.5,5,10
4400,0.6666666666666666,0.5866666666666666,0.2,0.6,1.0,0.5,5,10
4401,0.6666666666666666,0.5333333333333332,-0.3333333333333333,0.33333333333333337,1.0,0.5,4,8
4402,0.5714285714285715,0.48571428571428577,0.0,0.5,1.0,0.4,4,10
4403,0.5882352941176471,0.5882352941176471,1.0,1.0,1.0,0.4166666666666667,5,12
4404,0.7142857142857143,0.6714285714285714,0.6,0.8,1.0,0.5555555555555556,5,9
4405,0.7058823529411764,0.6352941176470587,0.3333333333333333,0.6666666666666666,1.0,0.5454545454545454,6,11
4406,0.625,0.45625,-0.8,0.09999999999999998,1.0,0.45454545454545453,5,11
4407,0.6666666666666666,0.5466666666666666,-0.2,0.4,1.0,0.5,5,10
4408,0.6153846153846153,0.5538461538461538,0.3333333333333333,0.6666666666666666,1.0,0.4444444444444444,4,9
4409,0.5,0.39999999999999997,-0.3333333333333333,0.33333333333333337,1.0,0.3333333333333333,4,12
4410,0.625,0.5125,-0.2,0.4,1.0,0.45454545454545453,5,11
4411,0.625,0.53125,0.0,0.5,1.0,0.45454545454545453,5,11
4412,0.8,0.74,0.5,0.75,1.0,0.6666666666666666,8,12
4413,0.782608695652174,0.7695652173913043,0.8888888888888888,0.9444444444444444,1.0,0.6428571428571429,9,14
4414,0.625,0.475,-0.6,0.2,1.0,0.45454545454545453,5,11
4415,0.6666666666666666,0.5999999999999999,0.3333333333333333,0.6666666666666666,1.0,0.5,4,8
4416,0.5882352941176471,0.4470588235294118,-0.6,0.2,1.0,0.4166666666666667,5,12
4417,0.7142857142857143,0.6499999999999999,0.4,0.7,1.0,0.5555555555555556,5,9
4418,0.7692307692307693,0.7,0.4,0.7,1.0,0.625,5,8
4419,0.8,0.64,-0.3333333333333333,0.33333333333333337,1.0,0.6666666666666666,4,6
4420,0.6666666666666666,0.5999999999999999,0.3333333333333333,0.6666666666666666,1.0,0.5,4,8
4421,0.45454545454545453,0.45454545454545453,1.0,1.0,1.0,0.29411764705882354,5,17
4422,0.47058823529411764,0.47058823529411764,1.0,1.0,1.0,0.3076923076923077,4,13
4423,0.7142857142857143,0.6499999999999999,0.4,0.7,1.0,0.5555555555555556,5,9
4424,0.375,0.375,1.0,1.0,1.0,0.23076923076923078,3,13
4425,0.35294117647058826,0.3176470588235294,0.3333333333333333,0.6666666666666666,1.0,0.21428571428571427,3,14
4426,0.5714285714285715,0.44571428571428573,-0.4666666666666667,0.26666666666666666,1.0,0.4,6,15
4427,0.4,0.36,0.3333333333333333,0.6666666666666666,1.0,0.25,3,12
4428,0.8333333333333333,0.7583333333333332,0.4,0.7,1.0,0.7142857142857143,5,7
4429,0.6666666666666666,0.5999999999999999,0.3333333333333333,0.6666666666666666,1.0,0.5,4,8
4430,0.47058823529411764,0.32941176470588235,-1.0,0.0,1.0,0.3076923076923077,4,13
4431,0.7142857142857143,0.6714285714285714,0.6,0.8,1.0,0.5555555555555556,5,9
4432,0.625,0.53125,0.0,0.5,1.0,0.45454545454545453,5,11
4433,0.4,0.4,1.0,1.0,0.25,1.0,4,1
4434,0.47058823529411764,0.44705882352941173,0.6666666666666666,0.8333333333333333,1.0,0.3076923076923077,4,13
4435,0.625,0.475,-0.6,0.2,1.0,0.45454545454545453,5,11
4436,0.5,0.5,1.0,1.0,1.0,0.3333333333333333,4,12
4437,0.5882352941176471,0.5705882352941176,0.8,0.9,1.0,0.4166666666666667,5,12
4438,0.8,0.76,0.6666666666666666,0.8333333333333333,1.0,0.6666666666666666,4,6
4439,0.7272727272727273,0.6545454545454545,0.3333333333333333,0.6666666666666666,1.0,0.5714285714285714,4,7
4440,0.8,0.68,0.0,0.5,1.0,0.6666666666666666,4,6
4441,0.47058823529411764,0.44705882352941173,0.6666666666666666,0.8333333333333333,1.0,0.3076923076923077,4,13
4442,0.6666666666666666,0.6666666666666666,1.0,1.0,1.0,0.5,4,8
4443,0.8,0.72,0.3333333333333333,0.6666666666666666,1.0,0.6666666666666666,4,6
4444,0.8235294117647058,0.7176470588235293,0.14285714285714285,0.5714285714285714,1.0,0.7,7,10
4445,0.7142857142857143,0.6071428571428571,0.0,0.5,1.0,0.5555555555555556,5,9
4446,0.5,0.425,0.0,0.5,1.0,0.3333333333333333,4,12
4447,0.4210526315789474,0.35789473684210527,0.0,0.5,1.0,0.26666666666666666,4,15
4448,0.5714285714285715,0.5428571428571429,0.6666666666666666,0.8333333333333333,1.0,0.4,4,10
4449,0.47058823529411764,0.44705882352941173,0.6666666666666666,0.8333333333333333,1.0,0.3076923076923077,4,13
4450,0.5,0.475,0.6666666666666666,0.8333333333333333,1.0,0.3333333333333333,4,12
4451,0.5882352941176471,0.5176470588235293,0.2,0.6,1.0,0.4166666666666667,5,12
4452,0.5882352941176471,0.5176470588235293,0.2,0.6,1.0,0.4166666666666667,5,12
4453,0.7499999999999999,0.6599999999999998,0.2,0.6,1.0,0.6,6,10
4454,0.33333333333333337,0.23333333333333334,-1.0,0.0,1.0,0.2,3,15
4455,0.5,0.39999999999999997,-0.3333333333333333,0.33333333333333337,1.0,0.3333333333333333,4,12
4456,0.6153846153846153,0.5846153846153845,0.6666666666666666,0.8333333333333333,1.0,0.4444444444444444,4,9
4457,0.8,0.68,0.0,0.5,1.0,0.6666666666666666,4,6
4458,0.5882352941176471,0.5352941176470588,0.4,0.7,1.0,0.4166666666666667,5,12
4459,0.7272727272727273,0.6909090909090909,0.6666666666666666,0.8333333333333333,1.0,0.5714285714285714,4,7
4460,0.5555555555555556,0.5388888888888889,0.8,0.9,1.0,0.38461538461538464,5,13
4461,0.625,0.5874999999999999,0.6,0.8,1.0,0.45454545454545453,5,11
4462,0.8333333333333333,0.8333333333333333,1.0,1.0,1.0,0.7142857142857143,5,7
4463,0.7692307692307693,0.7461538461538462,0.8,0.9,1.0,0.625,5,8
4464,0.9090909090909091,0.7181818181818181,-0.4,0.3,1.0,0.8333333333333334,5,6
4465,0.888888888888889,0.7555555555555555,0.0,0.5,1.0,0.8,4,5
4466,0.631578947368421,0.5052631578947367,-0.3333333333333333,0.33333333333333337,1.0,0.46153846153846156,6,13
4467,0.5263157894736842,0.4473684210526315,0.0,0.5,1.0,0.35714285714285715,5,14
4468,0.9090909090909091,0.7999999999999998,0.2,0.6,1.0,0.8333333333333334,5,6
4469,0.5,0.475,0.6666666666666666,0.8333333333333333,1.0,0.3333333333333333,4,12
4470,0.6666666666666666,0.6666666666666666,1.0,1.0,1.0,0.5,5,10
4471,0.8,0.6628571428571428,-0.14285714285714285,0.4285714285714286,1.0,0.6666666666666666,8,12
4472,0.8750000000000001,0.7375,-0.047619047619047616,0.47619047619047616,1.0,0.7777777777777778,7,9
4473,0.6666666666666666,0.5466666666666666,-0.2,0.4,1.0,0.5,5,10
4474,0.7499999999999999,0.6149999999999999,-0.2,0.4,1.0,0.6,6,10
4475,0.4444444444444445,0.39999999999999997,0.3333333333333333,0.6666666666666666,1.0,0.2857142857142857,4,14
4476,0.7692307692307693,0.6076923076923076,-0.4,0.3,1.0,0.625,5,8
4477,0.5,0.47,0.6,0.8,1.0,0.3333333333333333,5,15
4478,0.8,0.72,0.3333333333333333,0.6666666666666666,1.0,0.6666666666666666,4,6
4479,0.7692307692307693,0.6769230769230768,0.2,0.6,1.0,0.625,5,8
4480,0.5882352941176471,0.4823529411764706,-0.2,0.4,1.0,0.4166666666666667,5,12
4481,0.7272727272727273,0.5454545454545454,-0.6666666666666666,0.16666666666666669,1.0,0.5714285714285714,4,7
4482,0.5882352941176471,0.46470588235294114,-0.4,0.3,1.0,0.4166666666666667,5,12
4483,0.5714285714285715,0.5428571428571429,0.6666666666666666,0.8333333333333333,1.0,0.4,4,10
4484,0.4444444444444445,0.35555555555555557,-0.3333333333333333,0.33333333333333337,1.0,0.2857142857142857,4,14
4485,0.7499999999999999,0.6599999999999998,0.2,0.6,1.0,0.6,6,10
4486,0.5882352941176471,0.5,0.0,0.5,1.0,0.4166666666666667,5,12
4487,0.5882352941176471,0.4823529411764706,-0.2,0.4,1.0,0.4166666666666667,5,12
4488,0.5714285714285715,0.48571428571428577,0.0,0.5,1.0,0.4,4,10
4489,0.7368421052631579,0.6736842105263158,0.42857142857142855,0.7142857142857143,1.0,0.5833333333333334,7,12
4490,0.7142857142857143,0.6714285714285714,0.6,0.8,1.0,0.5555555555555556,5,9
4491,0.5882352941176471,0.5705882352941176,0.8,0.9,1.0,0.4166666666666667,5,12
4492,0.8,0.76,0.6666666666666666,0.8333333333333333,1.0,0.6666666666666666,4,6
4493,0.35294117647058826,0.2823529411764706,-0.3333333333333333,0.33333333333333337,1.0,0.21428571428571427,3,14
4494,0.5333333333333333,0.42666666666666664,-0.3333333333333333,0.33333333333333337,1.0,0.36363636363636365,4,11
4495,0.8,0.8,1.0,1.0,1.0,0.6666666666666666,4,6
4496,0.7692307692307693,0.6307692307692307,-0.2,0.4,1.0,0.625,5,8
4497,0.4,0.36,0.3333333333333333,0.6666666666666666,1.0,0.25,4,16
4498,0.8333333333333333,0.6833333333333332,-0.2,0.4,1.0,0.7142857142857143,5,7
4499,0.4210526315789474,0.4,0.6666666666666666,0.8333333333333333,1.0,0.26666666666666666,4,15
4500,0.7142857142857143,0.5857142857142857,-0.2,0.4,1.0,0.5555555555555556,5,9
4501,0.6,0.516,0.06666666666666667,0.5333333333333333,1.0,0.42857142857142855,6,14
4502,0.6666666666666666,0.6666666666666666,1.0,1.0,1.0,0.5,5,10
4503,0.4,0.4,1.0,1.0,0.25,1.0,4,1
4504,0.5714285714285715,0.5142857142857143,0.3333333333333333,0.6666666666666666,1.0,0.4,4,10
4505,0.8,0.72,0.3333333333333333,0.6666666666666666,1.0,0.6666666666666666,4,6
4506,0.6666666666666666,0.6333333333333333,0.6666666666666666,0.8333333333333333,1.0,0.5,4,8
4507,0.7058823529411764,0.6070588235294117,0.06666666666666667,0.5333333333333333,1.0,0.5454545454545454,6,11
4508,0.7368421052631579,0.631578947368421,0.047619047619047616,0.5238095238095238,1.0,0.5833333333333334,7,12
4509,0.8571428571428571,0.8057142857142856,0.6,0.8,1.0,0.75,6,8
4510,0.8235294117647058,0.7529411764705882,0.42857142857142855,0.7142857142857143,1.0,0.7,7,10
4511,0.7058823529411764,0.6211764705882351,0.2,0.6,1.0,0.5454545454545454,6,11
4512,0.7272727272727273,0.5454545454545454,-0.6666666666666666,0.16666666666666669,1.0,0.5714285714285714,4,7
4513,0.7142857142857143,0.6285714285714286,0.2,0.6,1.0,0.5555555555555556,5,9
4514,1.0,0.85,0.0,0.5,1.0,1.0,8,8
4515,0.6666666666666666,0.6066666666666666,0.4,0.7,1.0,0.5,5,10
4516,1.0,0.9199999999999999,0.4666666666666667,0.7333333333333334,1.0,1.0,6,6
4517,0.5,0.475,0.6666666666666666,0.8333333333333333,1.0,0.3333333333333333,4,12
4518,0.625,0.53125,0.0,0.5,1.0,0.45454545454545453,5,11
4519,0.5714285714285715,0.5428571428571429,0.6666666666666666,0.8333333333333333,1.0,0.4,4,10
4520,0.5,0.425,0.0,0.5,1.0,0.3333333333333333,5,15
4521,0.5882352941176471,0.4294117647058824,-0.8,0.09999999999999998,1.0,0.4166666666666667,5,12
4522,0.6666666666666666,0.5266666666666666,-0.4,0.3,1.0,0.5,5,10
4523,0.7142857142857143,0.6285714285714286,0.2,0.6,1.0,0.5555555555555556,5,9
4524,0.33333333333333337,0.33333333333333337,1.0,1.0,0.2,1.0,5,1
4525,0.5,0.39999999999999997,-0.3333333333333333,0.33333333333333337,1.0,0.3333333333333333,4,12
4526,0.8,0.72,0.3333333333333333,0.6666666666666666,1.0,0.6666666666666666,4,6
4527,0.8571428571428571,0.7542857142857141,0.2,0.6,1.0,0.75,6,8
4528,0.6666666666666666,0.6466666666666666,0.8,0.9,1.0,0.5,5,10
4529,1.0,0.9428571428571428,0.6190476190476191,0.8095238095238095,1.0,1.0,7,7
4530,0.625,0.5125,-0.2,0.4,1.0,0.45454545454545453,5,11
4531,0.6956521739130436,0.5763975155279504,-0.14285714285714285,0.4285714285714286,1.0,0.5333333333333333,8,15
4532,0.6666666666666666,0.5333333333333332,-0.3333333333333333,0.33333333333333337,1.0,0.5,3,6
4533,0.923076923076923,0.7569230769230768,-0.2,0.4,0.8571428571428571,1.0,7,6
4534,0.5,0.47,0.6,0.8,1.0,0.3333333333333333,5,15
4535,0.5714285714285715,0.5142857142857143,0.3333333333333333,0.6666666666666666,1.0,0.4,4,10
4536,0.8571428571428571,0.7542857142857141,0.2,0.6,1.0,0.75,6,8
4537,0.6153846153846153,0.523076923076923,0.0,0.5,1.0,0.4444444444444444,4,9
4538,0.5714285714285715,0.4571428571428572,-0.3333333333333333,0.33333333333333337,1.0,0.4,4,10
4539,0.8,0.64,-0.3333333333333333,0.33333333333333337,1.0,0.6666666666666666,6,9
4540,0.5714285714285715,0.5428571428571429,0.6666666666666666,0.8333333333333333,1.0,0.4,4,10
4541,0.5333333333333333,0.4533333333333333,0.0,0.5,1.0,0.36363636363636365,4,11
4542,0.4444444444444445,0.4444444444444445,1.0,1.0,1.0,0.2857142857142857,4,14
4543,0.7142857142857143,0.6928571428571428,0.8,0.9,1.0,0.5555555555555556,5,9
4544,0.8333333333333333,0.7583333333333332,0.4,0.7,1.0,0.7142857142857143,5,7
4545,0.625,0.56875,0.4,0.7,1.0,0.45454545454545453,5,11
4546,0.5454545454545454,0.5454545454545454,1.0,1.0,1.0,0.375,3,8
4547,0.4210526315789474,0.4,0.6666666666666666,0.8333333333333333,1.0,0.26666666666666666,4,15
4548,0.4444444444444445,0.4222222222222222,0.6666666666666666,0.8333333333333333,1.0,0.2857142857142857,4,14
4549,0.5714285714285715,0.5142857142857143,0.3333333333333333,0.6666666666666666,1.0,0.4,4,10
4550,0.7142857142857143,0.6928571428571428,0.8,0.9,1.0,0.5555555555555556,5,9
4551,0.7142857142857143,0.6285714285714286,0.2,0.6,1.0,0.5555555555555556,5,9
4552,0.9090909090909091,0.7181818181818181,-0.4,0.3,1.0,0.8333333333333334,5,6
4553,0.5555555555555556,0.4722222222222222,0.0,0.5,1.0,0.38461538461538464,5,13
4554,0.7272727272727273,0.6545454545454545,0.3333333333333333,0.6666666666666666,1.0,0.5714285714285714,4,7
4555,0.9090909090909091,0.9090909090909091,1.0,1.0,1.0,0.8333333333333334,5,6
4556,1.0,0.8428571428571427,-0.047619047619047616,0.47619047619047616,1.0,1.0,7,7
4557,0.6956521739130436,0.613664596273292,0.21428571428571427,0.6071428571428571,1.0,0.5333333333333333,8,15
4558,0.6666666666666666,0.5866666666666666,0.2,0.6,1.0,0.5,5,10
4559,0.631578947368421,0.5684210526315788,0.3333333333333333,0.6666666666666666,1.0,0.46153846153846156,6,13
4560,0.5714285714285715,0.5142857142857143,0.3333333333333333,0.6666666666666666,1.0,0.4,4,10
4561,1.0,0.86,0.06666666666666667,0.5333333333333333,1.0,1.0,6,6
4562,0.6666666666666666,0.5666666666666667,0.0,0.5,1.0,0.5,4,8
4563,0.888888888888889,0.7999999999999999,0.3333333333333333,0.6666666666666666,1.0,0.8,4,5
4564,0.7499999999999999,0.6899999999999998,0.4666666666666667,0.7333333333333334,1.0,0.6,6,10
4565,0.5,0.44999999999999996,0.3333333333333333,0.6666666666666666,1.0,0.3333333333333333,3,9
4566,0.4,0.4,1.0,1.0,0.25,1.0,4,1
4567,0.6666666666666666,0.5333333333333332,-0.3333333333333333,0.33333333333333337,1.0,0.5,4,8
4568,0.5333333333333333,0.4799999999999999,0.3333333333333333,0.6666666666666666,1.0,0.36363636363636365,4,11
4569,0.9090909090909091,0.8272727272727272,0.4,0.7,1.0,0.8333333333333334,5,6
4570,0.7058823529411764,0.5647058823529411,-0.3333333333333333,0.33333333333333337,1.0,0.5454545454545454,6,11
4571,0.7692307692307693,0.6538461538461539,0.0,0.5,1.0,0.625,5,8
4572,0.625,0.5874999999999999,0.6,0.8,1.0,0.45454545454545453,5,11
4573,0.631578947368421,0.5684210526315788,0.3333333333333333,0.6666666666666666,1.0,0.46153846153846156,6,13
4574,0.5882352941176471,0.4294117647058824,-0.8,0.09999999999999998,1.0,0.4166666666666667,5,12
4575,1.0,0.9099999999999999,0.4,0.7,1.0,1.0,5,5
4576,0.8,0.736,0.4666666666666667,0.7333333333333334,1.0,0.6666666666666666,6,9
4577,0.6666666666666666,0.5666666666666667,0.0,0.5,1.0,0.5,4,8
4578,0.7142857142857143,0.6928571428571428,0.8,0.9,1.0,0.5555555555555556,5,9
4579,0.8750000000000001,0.75,0.047619047619047616,0.5238095238095238,1.0,0.7777777777777778,7,9
4580,0.631578947368421,0.49263157894736836,-0.4666666666666667,0.26666666666666666,1.0,0.46153846153846156,6,13
4581,0.6666666666666666,0.5466666666666666,-0.2,0.4,1.0,0.5,5,10
4582,0.6666666666666666,0.6466666666666666,0.8,0.9,1.0,0.5,5,10
4583,0.5555555555555556,0.4888888888888889,0.2,0.6,1.0,0.38461538461538464,5,13
4584,0.7058823529411764,0.6494117647058822,0.4666666666666667,0.7333333333333334,1.0,0.5454545454545454,6,11
4585,0.5333333333333333,0.4533333333333333,0.0,0.5,1.0,0.36363636363636365,4,11
4586,0.9090909090909091,0.8272727272727272,0.4,0.7,1.0,0.8333333333333334,5,6
4587,0.8,0.68,0.0,0.5,1.0,0.6666666666666666,4,6
4588,0.5555555555555556,0.5222222222222223,0.6,0.8,1.0,0.38461538461538464,5,13
4589,0.5,0.39999999999999997,-0.3333333333333333,0.33333333333333337,1.0,0.3333333333333333,4,12
4590,0.5,0.43999999999999995,0.2,0.6,1.0,0.3333333333333333,5,15
4591,0.7272727272727273,0.7272727272727273,1.0,1.0,1.0,0.5714285714285714,4,7
4592,0.5714285714285715,0.5142857142857143,0.3333333333333333,0.6666666666666666,1.0,0.4,4,10
4593,0.8,0.76,0.6666666666666666,0.8333333333333333,1.0,0.6666666666666666,4,6
4594,0.5714285714285715,0.5428571428571429,0.6666666666666666,0.8333333333333333,1.0,0.4,4,10
4595,0.6666666666666666,0.5999999999999999,0.3333333333333333,0.6666666666666666,1.0,0.5,4,8
4596,0.6666666666666666,0.5999999999999999,0.3333333333333333,0.6666666666666666,1.0,0.5,4,8
4597,0.6,0.4799999999999999,-0.3333333333333333,0.33333333333333337,1.0,0.42857142857142855,3,7
4598,0.8235294117647058,0.7058823529411764,0.047619047619047616,0.5238095238095238,1.0,0.7,7,10
4599,0.5882352941176471,0.4823529411764706,-0.2,0.4,1.0,0.4166666666666667,5,12
4600,0.7142857142857143,0.6928571428571428,0.8,0.9,1.0,0.5555555555555556,5,9
4601,0.5333333333333333,0.42666666666666664,-0.3333333333333333,0.33333333333333337,1.0,0.36363636363636365,4,11
4602,0.5454545454545454,0.4363636363636363,-0.3333333333333333,0.33333333333333337,1.0,0.375,3,8
4603,0.7692307692307693,0.7230769230769231,0.6,0.8,1.0,0.625,5,8
4604,0.6153846153846153,0.46153846153846145,-0.6666666666666666,0.16666666666666669,1.0,0.4444444444444444,4,9
4605,0.625,0.475,-0.6,0.2,1.0,0.45454545454545453,5,11
4606,0.7142857142857143,0.6499999999999999,0.4,0.7,1.0,0.5555555555555556,5,9
4607,0.6666666666666666,0.5999999999999999,0.3333333333333333,0.6666666666666666,1.0,0.5,4,8
4608,0.5454545454545454,0.45818181818181813,-0.06666666666666667,0.4666666666666667,1.0,0.375,6,16
4609,0.5333333333333333,0.4,-0.6666666666666666,0.16666666666666669,1.0,0.36363636363636365,4,11
4610,0.5,0.39499999999999996,-0.4,0.3,1.0,0.3333333333333333,5,15
4611,0.7499999999999999,0.7049999999999998,0.6,0.8,1.0,0.6,6,10
4612,0.7692307692307693,0.7,0.4,0.7,1.0,0.625,5,8
4613,0.5555555555555556,0.5055555555555555,0.4,0.7,1.0,0.38461538461538464,5,13
4614,0.7058823529411764,0.5929411764705882,-0.06666666666666667,0.4666666666666667,1.0,0.5454545454545454,6,11
4615,0.625,0.5125,-0.2,0.4,1.0,0.45454545454545453,5,11
4616,0.5882352941176471,0.5882352941176471,1.0,1.0,1.0,0.4166666666666667,5,12
4617,0.7142857142857143,0.6071428571428571,0.0,0.5,1.0,0.5555555555555556,5,9
4618,0.7272727272727273,0.5454545454545454,-0.6666666666666666,0.16666666666666669,1.0,0.5714285714285714,4,7
4619,0.7142857142857143,0.7142857142857143,1.0,1.0,1.0,0.5555555555555556,5,9
4620,0.47619047619047616,0.4476190476190476,0.6,0.8,1.0,0.3125,5,16
4621,0.5454545454545454,0.3818181818181818,-1.0,0.0,1.0,0.375,3,8
4622,0.6666666666666666,0.5466666666666666,-0.2,0.4,1.0,0.5,5,10
4623,0.375,0.3,-0.3333333333333333,0.33333333333333337,1.0,0.23076923076923078,3,13
4624,0.33333333333333337,0.33333333333333337,1.0,1.0,0.2,1.0,5,1
4625,0.5882352941176471,0.5352941176470588,0.4,0.7,1.0,0.4166666666666667,5,12
4626,0.7272727272727273,0.6545454545454545,0.3333333333333333,0.6666666666666666,1.0,0.5714285714285714,4,7
4627,0.8333333333333333,0.7083333333333333,0.0,0.5,1.0,0.7142857142857143,5,7
4628,0.8571428571428571,0.7028571428571427,-0.2,0.4,1.0,0.75,6,8
4629,0.888888888888889,0.7999999999999999,0.3333333333333333,0.6666666666666666,1.0,0.8,4,5
4630,0.7272727272727273,0.6909090909090909,0.6666666666666666,0.8333333333333333,1.0,0.5714285714285714,4,7
4631,0.47058823529411764,0.37647058823529406,-0.3333333333333333,0.33333333333333337,1.0,0.3076923076923077,4,13
4632,0.6153846153846153,0.5538461538461538,0.3333333333333333,0.6666666666666666,1.0,0.4444444444444444,4,9
4633,0.8333333333333333,0.8083333333333332,0.8,0.9,1.0,0.7142857142857143,5,7
4634,0.4444444444444445,0.33333333333333337,-0.6666666666666666,0.16666666666666669,1.0,0.2857142857142857,4,14
4635,0.8,0.576,-0.8666666666666667,0.06666666666666665,1.0,0.6666666666666666,6,9
4636,0.6153846153846153,0.5538461538461538,0.3333333333333333,0.6666666666666666,1.0,0.4444444444444444,4,9
4637,0.8333333333333333,0.7333333333333332,0.2,0.6,1.0,0.7142857142857143,5,7
4638,0.7692307692307693,0.6538461538461539,0.0,0.5,1.0,0.625,5,8
4639,0.6666666666666666,0.5999999999999999,0.3333333333333333,0.6666666666666666,1.0,0.5,4,8
4640,0.33333333333333337,0.3,0.3333333333333333,0.6666666666666666,1.0,0.2,3,15
4641,0.8,0.76,0.6666666666666666,0.8333333333333333,1.0,0.6666666666666666,4,6
4642,0.7000000000000001,0.65,0.5238095238095238,0.7619047619047619,1.0,0.5384615384615384,7,13
4643,0.5,0.365,-0.8,0.09999999999999998,1.0,0.3333333333333333,5,15
4644,0.5882352941176471,0.5176470588235293,0.2,0.6,1.0,0.4166666666666667,5,12
4645,0.5714285714285715,0.48571428571428577,0.0,0.5,1.0,0.4,4,10
4646,0.33333333333333337,0.33333333333333337,1.0,1.0,0.2,1.0,5,1
4647,0.7272727272727273,0.6545454545454545,0.3333333333333333,0.6666666666666666,1.0,0.5714285714285714,4,7
4648,0.8,0.72,0.3333333333333333,0.6666666666666666,1.0,0.6666666666666666,4,6
4649,0.5555555555555556,0.4388888888888889,-0.4,0.3,1.0,0.38461538461538464,5,13
4650,0.8,0.64,-0.3333333333333333,0.33333333333333337,1.0,0.6666666666666666,4,6
4651,0.5555555555555556,0.5055555555555555,0.4,0.7,1.0,0.38461538461538464,5,13
4652,0.6666666666666666,0.5666666666666667,0.0,0.5,1.0,0.5,4,8
4653,0.7272727272727273,0.6181818181818182,0.0,0.5,1.0,0.5714285714285714,4,7
4654,0.6666666666666666,0.5666666666666667,0.0,0.5,1.0,0.5,4,8
4655,0.5555555555555556,0.4722222222222222,0.0,0.5,1.0,0.38461538461538464,5,13
4656,0.7142857142857143,0.7142857142857143,1.0,1.0,1.0,0.5555555555555556,5,9
4657,0.7272727272727273,0.6181818181818182,0.0,0.5,1.0,0.5714285714285714,4,7
4658,0.7368421052631579,0.631578947368421,0.047619047619047616,0.5238095238095238,1.0,0.5833333333333334,7,12
4659,0.5333333333333333,0.5066666666666666,0.6666666666666666,0.8333333333333333,1.0,0.36363636363636365,4,11
4660,0.6153846153846153,0.6153846153846153,1.0,1.0,1.0,0.4444444444444444,4,9
4661,0.7692307692307693,0.7,0.4,0.7,1.0,0.625,5,8
4662,0.6153846153846153,0.5846153846153845,0.6666666666666666,0.8333333333333333,1.0,0.4444444444444444,4,9
4663,0.6666666666666666,0.5466666666666666,-0.2,0.4,1.0,0.5,5,10
4664,0.6666666666666666,0.5999999999999999,0.3333333333333333,0.6666666666666666,1.0,0.5,4,8
4665,0.4444444444444445,0.39999999999999997,0.3333333333333333,0.6666666666666666,1.0,0.2857142857142857,4,14
4666,0.5714285714285715,0.5428571428571429,0.6666666666666666,0.8333333333333333,1.0,0.4,4,10
4667,0.6153846153846153,0.523076923076923,0.0,0.5,1.0,0.4444444444444444,4,9
4668,0.7368421052631579,0.631578947368421,0.047619047619047616,0.5238095238095238,1.0,0.5833333333333334,7,12
4669,0.8,0.72,0.3333333333333333,0.6666666666666666,1.0,0.6666666666666666,6,9
4670,0.6,0.5399999999999999,0.3333333333333333,0.6666666666666666,1.0,0.42857142857142855,6,14
4671,0.5882352941176471,0.5,0.0,0.5,1.0,0.4166666666666667,5,12
4672,0.6153846153846153,0.5538461538461538,0.3333333333333333,0.6666666666666666,1.0,0.4444444444444444,4,9
4673,0.7142857142857143,0.6714285714285714,0.6,0.8,1.0,0.5555555555555556,5,9
4674,0.8421052631578948,0.7518796992481203,0.2857142857142857,0.6428571428571428,1.0,0.7272727272727273,8,11
4675,0.8,0.72,0.3333333333333333,0.6666666666666666,1.0,0.6666666666666666,4,6
4676,0.8,0.752,0.6,0.8,1.0,0.6666666666666666,6,9
4677,0.625,0.5125,-0.2,0.4,1.0,0.45454545454545453,5,11
4678,0.8,0.72,0.3333333333333333,0.6666666666666666,1.0,0.6666666666666666,4,6
4679,0.8,0.6714285714285714,-0.07142857142857142,0.4642857142857143,1.0,0.6666666666666666,8,12
4680,0.8,0.68,0.0,0.5,1.0,0.6666666666666666,4,6
4681,0.5454545454545454,0.5345454545454545,0.8666666666666667,0.9333333333333333,1.0,0.375,6,16
4682,0.6153846153846153,0.523076923076923,0.0,0.5,1.0,0.4444444444444444,4,9
4683,0.5,0.425,0.0,0.5,1.0,0.3333333333333333,4,12
4684,0.5555555555555556,0.3888888888888889,-1.0,0.0,1.0,0.38461538461538464,5,13
4685,0.5,0.375,-0.6666666666666666,0.16666666666666669,1.0,0.3333333333333333,4,12
4686,0.8333333333333333,0.7833333333333332,0.6,0.8,1.0,0.7142857142857143,5,7
4687,0.625,0.475,-0.6,0.2,1.0,0.45454545454545453,5,11
4688,0.5,0.375,-0.6666666666666666,0.16666666666666669,1.0,0.3333333333333333,4,12
4689,0.7272727272727273,0.5818181818181818,-0.3333333333333333,0.33333333333333337,1.0,0.5714285714285714,4,7
4690,0.7499999999999999,0.6449999999999999,0.06666666666666667,0.5333333333333333,1.0,0.6,6,10
4691,0.625,0.53125,0.0,0.5,1.0,0.45454545454545453,5,11
4692,0.7142857142857143,0.5428571428571429,-0.6,0.2,1.0,0.5555555555555556,5,9
4693,0.5714285714285715,0.5142857142857143,0.3333333333333333,0.6666666666666666,1.0,0.4,4,10
4694,0.8235294117647058,0.6941176470588234,-0.047619047619047616,0.47619047619047616,1.0,0.7,7,10
4695,0.6666666666666666,0.6333333333333333,0.6666666666666666,0.8333333333333333,1.0,0.5,4,8
4696,0.631578947368421,0.6063157894736841,0.7333333333333333,0.8666666666666667,1.0,0.46153846153846156,6,13
4697,0.47058823529411764,0.47058823529411764,1.0,1.0,1.0,0.3076923076923077,4,13
4698,0.7368421052631579,0.6631578947368421,0.3333333333333333,0.6666666666666666,1.0,0.5833333333333334,7,12
4699,0.6153846153846153,0.6153846153846153,1.0,1.0,1.0,0.4444444444444444,4,9
4700,0.5714285714285715,0.4,-1.0,0.0,1.0,0.4,4,10
4701,0.625,0.5125,-0.2,0.4,1.0,0.45454545454545453,5,11
4702,0.9090909090909091,0.7999999999999998,0.2,0.6,1.0,0.8333333333333334,5,6
4703,0.4347826086956522,0.40869565217391307,0.6,0.8,1.0,0.2777777777777778,5,18
4704,0.631578947368421,0.5431578947368421,0.06666666666666667,0.5333333333333333,1.0,0.46153846153846156,6,13
4705,0.42857142857142855,0.3428571428571428,-0.3333333333333333,0.33333333333333337,1.0,0.2727272727272727,3,11
4706,0.5,0.475,0.6666666666666666,0.8333333333333333,1.0,0.3333333333333333,4,12
4707,0.5882352941176471,0.5176470588235293,0.2,0.6,1.0,0.4166666666666667,5,12
4708,0.923076923076923,0.8123076923076922,0.2,0.6,1.0,0.8571428571428571,6,7
4709,0.5555555555555556,0.4888888888888889,0.2,0.6,1.0,0.38461538461538464,5,13
4710,0.923076923076923,0.8676923076923075,0.6,0.8,1.0,0.8571428571428571,6,7
4711,0.6666666666666666,0.6066666666666666,0.4,0.7,1.0,0.5,5,10
4712,0.4,0.34,0.0,0.5,1.0,0.25,4,16
4713,0.6666666666666666,0.5999999999999999,0.3333333333333333,0.6666666666666666,1.0,0.5,4,8
4714,0.625,0.60625,0.8,0.9,1.0,0.45454545454545453,5,11
4715,0.6,0.516,0.06666666666666667,0.5333333333333333,1.0,0.42857142857142855,6,14
4716,0.7142857142857143,0.6499999999999999,0.4,0.7,1.0,0.5555555555555556,5,9
4717,0.6666666666666666,0.5666666666666667,0.0,0.5,1.0,0.5,5,10
4718,0.6153846153846153,0.5538461538461538,0.3333333333333333,0.6666666666666666,1.0,0.4444444444444444,4,9
4719,0.9090909090909091,0.7727272727272727,0.0,0.5,1.0,0.8333333333333334,5,6
4720,0.47619047619047616,0.41904761904761895,0.2,0.6,1.0,0.3125,5,16
4721,0.6666666666666666,0.5999999999999999,0.3333333333333333,0.6666666666666666,1.0,0.5,4,8
4722,0.6666666666666666,0.5666666666666667,0.0,0.5,1.0,0.5,5,10
4723,0.7692307692307693,0.6769230769230768,0.2,0.6,1.0,0.625,5,8
4724,0.7692307692307693,0.6769230769230768,0.2,0.6,1.0,0.625,5,8
4725,0.923076923076923,0.7569230769230768,-0.2,0.4,1.0,0.8571428571428571,6,7
4726,0.8,0.72,0.3333333333333333,0.6666666666666666,1.0,0.6666666666666666,4,6
4727,0.5333333333333333,0.4,-0.6666666666666666,0.16666666666666669,1.0,0.36363636363636365,4,11
4728,0.7058823529411764,0.5788235294117646,-0.2,0.4,1.0,0.5454545454545454,6,11
4729,1.0,0.82,-0.2,0.4,1.0,1.0,5,5
4730,0.5714285714285715,0.5142857142857143,0.3333333333333333,0.6666666666666666,1.0,0.4,4,10
4731,0.9411764705882353,0.880672268907563,0.5714285714285714,0.7857142857142857,1.0,0.8888888888888888,8,9
4732,0.7692307692307693,0.6538461538461539,0.0,0.5,1.0,0.625,5,8
4733,0.782608695652174,0.6326086956521738,-0.2777777777777778,0.3611111111111111,1.0,0.6428571428571429,9,14
4734,0.5882352941176471,0.4823529411764706,-0.2,0.4,1.0,0.4166666666666667,5,12
4735,0.631578947368421,0.5305263157894736,-0.06666666666666667,0.4666666666666667,1.0,0.46153846153846156,6,13
4736,0.7499999999999999,0.6749999999999998,0.3333333333333333,0.6666666666666666,1.0,0.6,6,10
4737,0.7272727272727273,0.6181818181818182,0.0,0.5,1.0,0.5714285714285714,4,7
4738,0.5882352941176471,0.5529411764705883,0.6,0.8,1.0,0.4166666666666667,5,12
4739,0.5555555555555556,0.4722222222222222,0.0,0.5,1.0,0.38461538461538464,5,13
4740,0.4444444444444445,0.4444444444444445,1.0,1.0,1.0,0.2857142857142857,4,14
4741,0.5882352941176471,0.4823529411764706,-0.2,0.4,1.0,0.4166666666666667,5,12
4742,0.6666666666666666,0.5866666666666666,0.2,0.6,1.0,0.5,6,12
4743,0.7499999999999999,0.6062499999999998,-0.2777777777777778,0.3611111111111111,1.0,0.6,9,15
4744,0.7000000000000001,0.61,0.14285714285714285,0.5714285714285714,1.0,0.5384615384615384,7,13
4745,0.47058823529411764,0.32941176470588235,-1.0,0.0,1.0,0.3076923076923077,4,13
4746,0.8571428571428571,0.7371428571428571,0.06666666666666667,0.5333333333333333,1.0,0.75,6,8
4747,0.8,0.72,0.3333333333333333,0.6666666666666666,1.0,0.6666666666666666,4,6
4748,0.8235294117647058,0.6705882352941176,-0.23809523809523808,0.38095238095238093,1.0,0.7,7,10
4749,0.923076923076923,0.8307692307692306,0.3333333333333333,0.6666666666666666,1.0,0.8571428571428571,6,7
4750,0.7499999999999999,0.5999999999999999,-0.3333333333333333,0.33333333333333337,1.0,0.6,3,5
4751,0.625,0.56875,0.4,0.7,1.0,0.45454545454545453,5,11
4752,0.6666666666666666,0.5666666666666667,0.0,0.5,1.0,0.5,5,10
4753,0.5714285714285715,0.5142857142857143,0.3333333333333333,0.6666666666666666,1.0,0.4,4,10
4754,0.5263157894736842,0.47894736842105257,0.4,0.7,1.0,0.35714285714285715,5,14
4755,0.8333333333333333,0.7083333333333333,0.0,0.5,1.0,0.7142857142857143,5,7
4756,0.625,0.53125,0.0,0.5,1.0,0.45454545454545453,5,11
4757,0.9333333333333333,0.7733333333333333,-0.14285714285714285,0.4285714285714286,1.0,0.875,7,8
4758,0.5882352941176471,0.5529411764705883,0.6,0.8,1.0,0.4166666666666667,5,12
4759,0.5882352941176471,0.5352941176470588,0.4,0.7,1.0,0.4166666666666667,5,12
4760,0.7499999999999999,0.5999999999999999,-0.3333333333333333,0.33333333333333337,1.0,0.6,3,5
4761,0.761904761904762,0.6802721088435374,0.2857142857142857,0.6428571428571428,1.0,0.6153846153846154,8,13
4762,0.7272727272727273,0.6181818181818182,0.0,0.5,1.0,0.5714285714285714,8,14
4763,0.7692307692307693,0.6307692307692307,-0.2,0.4,1.0,0.625,5,8
4764,0.9090909090909091,0.7181818181818181,-0.4,0.3,1.0,0.8333333333333334,5,6
4765,0.5,0.44999999999999996,0.3333333333333333,0.6666666666666666,1.0,0.3333333333333333,4,12
4766,0.47058823529411764,0.3529411764705882,-0.6666666666666666,0.16666666666666669,1.0,0.3076923076923077,4,13
4767,0.5555555555555556,0.5055555555555555,0.4,0.7,1.0,0.38461538461538464,5,13
4768,0.6,0.6,1.0,1.0,1.0,0.42857142857142855,3,7
4769,1.0,0.82,-0.2,0.4,1.0,1.0,5,5
4770,0.375,0.375,1.0,1.0,1.0,0.23076923076923078,3,13
4771,0.9090909090909091,0.7727272727272727,0.0,0.5,1.0,0.8333333333333334,5,6
4772,0.7499999999999999,0.6299999999999999,-0.06666666666666667,0.4666666666666667,1.0,0.6,6,10
4773,0.6666666666666666,0.5866666666666666,0.2,0.6,1.0,0.5,5,10
4774,0.8,0.72,0.3333333333333333,0.6666666666666666,1.0,0.6666666666666666,4,6
4775,0.625,0.5499999999999999,0.2,0.6,1.0,0.45454545454545453,5,11
4776,0.9333333333333333,0.8933333333333333,0.7142857142857143,0.8571428571428572,1.0,0.875,7,8
4777,0.4444444444444445,0.35555555555555557,-0.3333333333333333,0.33333333333333337,1.0,0.2857142857142857,4,14
4778,0.5882352941176471,0.5352941176470588,0.4,0.7,1.0,0.4166666666666667,5,12
4779,0.4,0.27999999999999997,-1.0,0.0,1.0,0.25,3,12
4780,0.6666666666666666,0.6666666666666666,1.0,1.0,1.0,0.5,4,8
4781,0.8,0.7571428571428571,0.6428571428571429,0.8214285714285714,1.0,0.6666666666666666,8,12
4782,0.9090909090909091,0.7181818181818181,-0.4,0.3,1.0,0.8333333333333334,5,6
4783,0.7272727272727273,0.6545454545454545,0.3333333333333333,0.6666666666666666,1.0,0.5714285714285714,4,7
4784,0.6,0.49199999999999994,-0.2,0.4,1.0,0.42857142857142855,6,14
4785,0.5,0.475,0.6666666666666666,0.8333333333333333,1.0,0.3333333333333333,4,12
4786,0.5,0.35,-1.0,0.0,1.0,0.3333333333333333,4,12
4787,1.0,0.9099999999999999,0.4,0.7,1.0,1.0,5,5
4788,0.7692307692307693,0.6307692307692307,-0.2,0.4,1.0,0.625,5,8
4789,0.8571428571428571,0.6857142857142856,-0.3333333333333333,0.33333333333333337,0.75,1.0,8,6
4790,0.6153846153846153,0.46153846153846145,-0.6666666666666666,0.16666666666666669,1.0,0.4444444444444444,4,9
4791,0.5714285714285715,0.5142857142857143,0.3333333333333333,0.6666666666666666,1.0,0.4,4,10
4792,0.8,0.64,-0.3333333333333333,0.33333333333333337,1.0,0.6666666666666666,4,6
4793,0.625,0.60625,0.8,0.9,1.0,0.45454545454545453,5,11
4794,1.0,0.8428571428571427,-0.047619047619047616,0.47619047619047616,1.0,1.0,7,7
4795,0.5714285714285715,0.5428571428571429,0.6666666666666666,0.8333333333333333,1.0,0.4,4,10
4796,0.5714285714285715,0.4571428571428572,-0.3333333333333333,0.33333333333333337,1.0,0.4,4,10
4797,0.5882352941176471,0.5,0.0,0.5,1.0,0.4166666666666667,5,12
4798,0.5454545454545454,0.49090909090909085,0.3333333333333333,0.6666666666666666,1.0,0.375,3,8
4799,0.5333333333333333,0.5066666666666666,0.6666666666666666,0.8333333333333333,1.0,0.36363636363636365,4,11
4800,0.375,0.3,-0.3333333333333333,0.33333333333333337,1.0,0.23076923076923078,3,13
4801,0.5,0.38,-0.6,0.2,1.0,0.3333333333333333,5,15
4802,0.631578947368421,0.5557894736842104,0.2,0.6,1.0,0.46153846153846156,6,13
4803,0.5454545454545454,0.4472727272727272,-0.2,0.4,1.0,0.375,6,16
4804,0.9090909090909091,0.7181818181818181,-0.4,0.3,1.0,0.8333333333333334,5,6
4805,0.9090909090909091,0.9090909090909091,1.0,1.0,1.0,0.8333333333333334,5,6
4806,0.47058823529411764,0.44705882352941173,0.6666666666666666,0.8333333333333333,1.0,0.3076923076923077,4,13
4807,0.7692307692307693,0.7692307692307693,1.0,1.0,1.0,0.625,5,8
4808,0.33333333333333337,0.33333333333333337,1.0,1.0,0.2,1.0,5,1
4809,0.6153846153846153,0.4923076923076922,-0.3333333333333333,0.33333333333333337,1.0,0.4444444444444444,4,9
4810,0.7777777777777778,0.6777777777777777,0.14285714285714285,0.5714285714285714,1.0,0.6363636363636364,7,11
4811,0.7692307692307693,0.6307692307692307,-0.2,0.4,1.0,0.625,5,8
4812,0.6666666666666666,0.5666666666666667,0.0,0.5,1.0,0.5,5,10
4813,0.9411764705882353,0.880672268907563,0.5714285714285714,0.7857142857142857,1.0,0.8888888888888888,8,9
4814,0.5333333333333333,0.4799999999999999,0.3333333333333333,0.6666666666666666,1.0,0.36363636363636365,4,11
4815,0.33333333333333337,0.33333333333333337,1.0,1.0,0.2,1.0,5,1
4816,0.7499999999999999,0.6449999999999999,0.06666666666666667,0.5333333333333333,1.0,0.6,6,10
4817,0.5454545454545454,0.49090909090909085,0.3333333333333333,0.6666666666666666,1.0,0.375,3,8
4818,0.9090909090909091,0.7454545454545454,-0.2,0.4,1.0,0.8333333333333334,5,6
4819,0.7142857142857143,0.6285714285714286,0.2,0.6,1.0,0.5555555555555556,5,9
4820,0.9090909090909091,0.7999999999999998,0.2,0.6,1.0,0.8333333333333334,10,12
4821,0.7272727272727273,0.6181818181818182,0.0,0.5,0.5714285714285714,1.0,7,4
4822,0.5882352941176471,0.5,0.0,0.5,1.0,0.4166666666666667,5,12
4823,0.4,0.36,0.3333333333333333,0.6666666666666666,1.0,0.25,3,12
4824,0.6666666666666666,0.5866666666666666,0.2,0.6,1.0,0.5,5,10
4825,0.6666666666666666,0.6666666666666666,1.0,1.0,1.0,0.5,4,8
4826,0.6666666666666666,0.6666666666666666,1.0,1.0,1.0,0.5,4,8
4827,0.6666666666666666,0.5666666666666667,0.0,0.5,1.0,0.5,5,10
4828,0.7272727272727273,0.6545454545454545,0.3333333333333333,0.6666666666666666,1.0,0.5714285714285714,4,7
4829,0.5333333333333333,0.42666666666666664,-0.3333333333333333,0.33333333333333337,1.0,0.36363636363636365,4,11
4830,0.6666666666666666,0.6666666666666666,1.0,1.0,1.0,0.5,4,8
4831,0.5,0.39499999999999996,-0.4,0.3,1.0,0.3333333333333333,5,15
4832,0.6153846153846153,0.5538461538461538,0.3333333333333333,0.6666666666666666,1.0,0.4444444444444444,4,9
4833,0.5,0.41,-0.2,0.4,1.0,0.3333333333333333,5,15
4834,0.888888888888889,0.7555555555555555,0.0,0.5,1.0,0.8,4,5
4835,0.4615384615384615,0.4153846153846153,0.3333333333333333,0.6666666666666666,1.0,0.3,3,10
4836,0.6666666666666666,0.6466666666666666,0.8,0.9,1.0,0.5,5,10
4837,0.42857142857142855,0.3857142857142857,0.3333333333333333,0.6666666666666666,1.0,0.2727272727272727,3,11
4838,0.4,0.34,0.0,0.5,1.0,0.25,4,16
4839,0.5714285714285715,0.4571428571428572,-0.3333333333333333,0.33333333333333337,1.0,0.4,4,10
4840,0.47058823529411764,0.47058823529411764,1.0,1.0,1.0,0.3076923076923077,4,13
4841,0.5882352941176471,0.5,0.0,0.5,1.0,0.4166666666666667,5,12
4842,0.7142857142857143,0.6499999999999999,0.4,0.7,1.0,0.5555555555555556,5,9
4843,0.625,0.5499999999999999,0.2,0.6,1.0,0.45454545454545453,5,11
4844,0.6666666666666666,0.5066666666666666,-0.6,0.2,1.0,0.5,5,10
4845,0.7142857142857143,0.5428571428571429,-0.6,0.2,1.0,0.5555555555555556,5,9
4846,0.7142857142857143,0.6499999999999999,0.4,0.7,1.0,0.5555555555555556,5,9
4847,0.7142857142857143,0.6714285714285714,0.6,0.8,1.0,0.5555555555555556,5,9
4848,0.9090909090909091,0.8818181818181817,0.8,0.9,1.0,0.8333333333333334,5,6
4849,0.7142857142857143,0.6285714285714286,0.2,0.6,1.0,0.5555555555555556,5,9
4850,0.5,0.425,0.0,0.5,1.0,0.3333333333333333,5,15
4851,0.7058823529411764,0.6352941176470587,0.3333333333333333,0.6666666666666666,1.0,0.5454545454545454,6,11
4852,0.8333333333333333,0.7833333333333332,0.6,0.8,1.0,0.7142857142857143,5,7
4853,0.42857142857142855,0.42857142857142855,1.0,1.0,1.0,0.2727272727272727,3,11
4854,0.6666666666666666,0.5666666666666667,0.0,0.5,1.0,0.5,5,10
4855,0.8,0.76,0.6666666666666666,0.8333333333333333,1.0,0.6666666666666666,4,6
4856,0.9090909090909091,0.7181818181818181,-0.4,0.3,1.0,0.8333333333333334,5,6
4857,0.5714285714285715,0.4571428571428572,-0.3333333333333333,0.33333333333333337,1.0,0.4,4,10
4858,0.6666666666666666,0.5466666666666666,-0.2,0.4,1.0,0.5,5,10
4859,0.9090909090909091,0.7454545454545454,-0.2,0.4,1.0,0.8333333333333334,5,6
4860,0.4444444444444445,0.33333333333333337,-0.6666666666666666,0.16666666666666669,1.0,0.2857142857142857,4,14
4861,0.7142857142857143,0.5642857142857143,-0.4,0.3,1.0,0.5555555555555556,5,9
4862,0.6666666666666666,0.6066666666666666,0.4,0.7,1.0,0.5,5,10
4863,0.625,0.5499999999999999,0.2,0.6,1.0,0.45454545454545453,5,11
4864,0.3157894736842105,0.3157894736842105,1.0,1.0,1.0,0.1875,3,16
4865,0.5454545454545454,0.5454545454545454,1.0,1.0,1.0,0.375,3,8
4866,0.5263157894736842,0.431578947368421,-0.2,0.4,1.0,0.35714285714285715,5,14
4867,0.625,0.56875,0.4,0.7,1.0,0.45454545454545453,5,11
4868,1.0,0.9357142857142857,0.5714285714285714,0.7857142857142857,1.0,1.0,8,8
4869,0.6153846153846153,0.5538461538461538,0.3333333333333333,0.6666666666666666,1.0,0.4444444444444444,4,9
4870,0.7142857142857143,0.5428571428571429,-0.6,0.2,1.0,0.5555555555555556,5,9
4871,0.5714285714285715,0.5714285714285715,1.0,1.0,1.0,0.4,6,15
4872,0.6666666666666666,0.6666666666666666,1.0,1.0,1.0,0.5,4,8
4873,0.9473684210526316,0.8210526315789474,0.1111111111111111,0.5555555555555556,1.0,0.9,9,10
4874,0.7142857142857143,0.5857142857142857,-0.2,0.4,1.0,0.5555555555555556,5,9
4875,0.888888888888889,0.7555555555555555,0.0,0.5,1.0,0.8,4,5
4876,0.6666666666666666,0.5666666666666667,0.0,0.5,1.0,0.5,4,8
4877,0.5333333333333333,0.4533333333333333,0.0,0.5,1.0,0.36363636363636365,4,11
4878,0.9090909090909091,0.7999999999999998,0.2,0.6,0.8333333333333334,1.0,6,5
4879,0.5,0.47,0.6,0.8,1.0,0.3333333333333333,5,15
4880,0.8181818181818181,0.7022727272727272,0.05555555555555555,0.5277777777777778,1.0,0.6923076923076923,9,13
4881,0.5882352941176471,0.5,0.0,0.5,1.0,0.4166666666666667,5,12
4882,0.5,0.5,1.0,1.0,1.0,0.3333333333333333,3,9
4883,1.0,0.8857142857142857,0.23809523809523808,0.6190476190476191,1.0,1.0,7,7
4884,0.888888888888889,0.7555555555555555,0.0,0.5,1.0,0.8,8,10
4885,0.888888888888889,0.7999999999999999,0.3333333333333333,0.6666666666666666,1.0,0.8,4,5
4886,0.6153846153846153,0.4923076923076922,-0.3333333333333333,0.33333333333333337,1.0,0.4444444444444444,4,9
4887,0.6666666666666666,0.5666666666666667,0.0,0.5,1.0,0.5,4,8
4888,0.5714285714285715,0.5142857142857143,0.3333333333333333,0.6666666666666666,1.0,0.4,4,10
4889,0.4210526315789474,0.4,0.6666666666666666,0.8333333333333333,1.0,0.26666666666666666,4,15
4890,0.8333333333333333,0.7583333333333332,0.4,0.7,1.0,0.7142857142857143,5,7
4891,0.8,0.672,-0.06666666666666667,0.4666666666666667,1.0,0.6666666666666666,6,9
4892,0.7499999999999999,0.6749999999999998,0.3333333333333333,0.6666666666666666,1.0,0.6,6,10
4893,0.5882352941176471,0.5352941176470588,0.4,0.7,1.0,0.4166666666666667,5,12
4894,0.7142857142857143,0.6071428571428571,0.0,0.5,1.0,0.5555555555555556,5,9
4895,0.6666666666666666,0.5666666666666667,0.0,0.5,1.0,0.5,4,8
4896,0.5555555555555556,0.45555555555555555,-0.2,0.4,1.0,0.38461538461538464,5,13
4897,0.8,0.68,0.0,0.5,1.0,0.6666666666666666,4,6
4898,0.888888888888889,0.7555555555555555,0.0,0.5,1.0,0.8,4,5
4899,0.7692307692307693,0.7,0.4,0.7,1.0,0.625,5,8
4900,0.5333333333333333,0.4533333333333333,0.0,0.5,1.0,0.36363636363636365,4,11
4901,0.7499999999999999,0.6749999999999998,0.3333333333333333,0.6666666666666666,1.0,0.6,6,10
4902,0.6956521739130436,0.5838509316770186,-0.07142857142857142,0.4642857142857143,1.0,0.5333333333333333,8,15
4903,0.7272727272727273,0.6181818181818182,0.0,0.5,1.0,0.5714285714285714,4,7
4904,0.6666666666666666,0.5999999999999999,0.3333333333333333,0.6666666666666666,1.0,0.5,4,8
4905,0.5,0.44999999999999996,0.3333333333333333,0.6666666666666666,1.0,0.3333333333333333,4,12
4906,0.5,0.475,0.6666666666666666,0.8333333333333333,1.0,0.3333333333333333,4,12
4907,0.8333333333333333,0.7333333333333332,0.2,0.6,1.0,0.7142857142857143,5,7
4908,0.625,0.5125,-0.2,0.4,1.0,0.45454545454545453,5,11
4909,0.7142857142857143,0.5428571428571429,-0.6,0.2,1.0,0.5555555555555556,5,9
4910,0.4444444444444445,0.37777777777777777,0.0,0.5,1.0,0.2857142857142857,4,14
4911,0.47058823529411764,0.44705882352941173,0.6666666666666666,0.8333333333333333,1.0,0.3076923076923077,4,13
4912,0.47058823529411764,0.37647058823529406,-0.3333333333333333,0.33333333333333337,1.0,0.3076923076923077,4,13
4913,1.0,0.8428571428571427,-0.047619047619047616,0.47619047619047616,1.0,1.0,7,7
4914,0.47058823529411764,0.4235294117647058,0.3333333333333333,0.6666666666666666,1.0,0.3076923076923077,4,13
4915,0.4615384615384615,0.3692307692307692,-0.3333333333333333,0.33333333333333337,1.0,0.3,3,10
4916,0.7272727272727273,0.5454545454545454,-0.6666666666666666,0.16666666666666669,1.0,0.5714285714285714,4,7
4917,0.7000000000000001,0.62,0.23809523809523808,0.6190476190476191,1.0,0.5384615384615384,7,13
4918,0.7142857142857143,0.6285714285714286,0.2,0.6,1.0,0.5555555555555556,5,9
4919,0.7000000000000001,0.62,0.23809523809523808,0.6190476190476191,1.0,0.5384615384615384,7,13
4920,0.7692307692307693,0.6769230769230768,0.2,0.6,1.0,0.625,5,8
4921,0.6,0.6,1.0,1.0,1.0,0.42857142857142855,3,7
4922,0.7058823529411764,0.6211764705882351,0.2,0.6,1.0,0.5454545454545454,6,11
4923,0.6153846153846153,0.5538461538461538,0.3333333333333333,0.6666666666666666,1.0,0.4444444444444444,4,9
4924,0.5882352941176471,0.5176470588235293,0.2,0.6,1.0,0.4166666666666667,5,12
4925,0.5714285714285715,0.5428571428571429,0.6666666666666666,0.8333333333333333,1.0,0.4,4,10
4926,0.5,0.45499999999999996,0.4,0.7,1.0,0.3333333333333333,5,15
4927,0.5263157894736842,0.46315789473684205,0.2,0.6,1.0,0.35714285714285715,5,14
4928,0.8750000000000001,0.75,0.047619047619047616,0.5238095238095238,1.0,0.7777777777777778,7,9
4929,0.4210526315789474,0.35789473684210527,0.0,0.5,1.0,0.26666666666666666,4,15
4930,0.9090909090909091,0.7454545454545454,-0.2,0.4,1.0,0.8333333333333334,5,6
4931,0.47619047619047616,0.41904761904761895,0.2,0.6,1.0,0.3125,5,16
4932,0.7499999999999999,0.6299999999999999,-0.06666666666666667,0.4666666666666667,1.0,0.6,6,10
4933,0.9090909090909091,0.8272727272727272,0.4,0.7,1.0,0.8333333333333334,5,6
4934,0.6666666666666666,0.6066666666666666,0.4,0.7,1.0,0.5,5,10
4935,0.8333333333333333,0.6583333333333332,-0.4,0.3,1.0,0.7142857142857143,5,7
4936,0.9090909090909091,0.7727272727272727,0.0,0.5,1.0,0.8333333333333334,5,6
4937,0.5333333333333333,0.4533333333333333,0.0,0.5,1.0,0.36363636363636365,4,11
4938,0.923076923076923,0.8123076923076922,0.2,0.6,1.0,0.8571428571428571,6,7
4939,0.6,0.45599999999999996,-0.6,0.2,1.0,0.42857142857142855,6,14
4940,0.5,0.375,-0.6666666666666666,0.16666666666666669,1.0,0.3333333333333333,4,12
4941,0.7142857142857143,0.5642857142857143,-0.4,0.3,1.0,0.5555555555555556,5,9
4942,1.0,0.8799999999999999,0.2,0.6,1.0,1.0,5,5
4943,0.8,0.72,0.3333333333333333,0.6666666666666666,1.0,0.6666666666666666,4,6
4944,0.5263157894736842,0.5105263157894736,0.8,0.9,1.0,0.35714285714285715,5,14
4945,0.888888888888889,0.8444444444444444,0.6666666666666666,0.8333333333333333,1.0,0.8,4,5
4946,0.7272727272727273,0.6909090909090909,0.6666666666666666,0.8333333333333333,1.0,0.5714285714285714,4,7
4947,0.6153846153846153,0.5846153846153845,0.6666666666666666,0.8333333333333333,1.0,0.4444444444444444,4,9
4948,0.888888888888889,0.7555555555555555,0.0,0.5,1.0,0.8,4,5
4949,0.6153846153846153,0.5846153846153845,0.6666666666666666,0.8333333333333333,1.0,0.4444444444444444,4,9
4950,0.888888888888889,0.7555555555555555,0.0,0.5,1.0,0.8,4,5
4951,0.5714285714285715,0.4571428571428572,-0.3333333333333333,0.33333333333333337,1.0,0.4,4,10
4952,0.888888888888889,0.8444444444444444,0.6666666666666666,0.8333333333333333,0.8,1.0,5,4
4953,0.7142857142857143,0.5642857142857143,-0.4,0.3,1.0,0.5555555555555556,5,9
4954,0.6666666666666666,0.5,-0.6666666666666666,0.16666666666666669,1.0,0.5,4,8
4955,0.47058823529411764,0.39999999999999997,0.0,0.5,1.0,0.3076923076923077,4,13
4956,0.8,0.68,0.0,0.5,1.0,0.6666666666666666,4,6
4957,0.4444444444444445,0.37777777777777777,0.0,0.5,1.0,0.2857142857142857,4,14
4958,0.7272727272727273,0.6545454545454545,0.3333333333333333,0.6666666666666666,1.0,0.5714285714285714,4,7
4959,0.7272727272727273,0.5454545454545454,-0.6666666666666666,0.16666666666666669,1.0,0.5714285714285714,4,7
4960,0.7499999999999999,0.5849999999999999,-0.4666666666666667,0.26666666666666666,1.0,0.6,6,10
4961,0.7142857142857143,0.6714285714285714,0.6,0.8,1.0,0.5555555555555556,5,9
4962,0.625,0.60625,0.8,0.9,1.0,0.45454545454545453,5,11
4963,0.7000000000000001,0.63,0.3333333333333333,0.6666666666666666,1.0,0.5384615384615384,7,13
4964,0.8,0.72,0.3333333333333333,0.6666666666666666,1.0,0.6666666666666666,4,6
4965,0.8333333333333333,0.6833333333333332,-0.2,0.4,1.0,0.7142857142857143,5,7
4966,0.923076923076923,0.8861538461538461,0.7333333333333333,0.8666666666666667,1.0,0.8571428571428571,6,7
4967,0.5,0.425,0.0,0.5,1.0,0.3333333333333333,5,15
4968,0.6666666666666666,0.5952380952380951,0.2857142857142857,0.6428571428571428,1.0,0.5,8,16
4969,0.6666666666666666,0.5666666666666667,0.0,0.5,1.0,0.5,4,8
4970,0.5263157894736842,0.4947368421052631,0.6,0.8,1.0,0.35714285714285715,5,14
4971,0.7142857142857143,0.6499999999999999,0.4,0.7,1.0,0.5555555555555556,5,9
4972,0.7142857142857143,0.5857142857142857,-0.2,0.4,1.0,0.5555555555555556,5,9
4973,0.8333333333333333,0.7583333333333332,0.4,0.7,1.0,0.7142857142857143,5,7
4974,0.6666666666666666,0.6666666666666666,1.0,1.0,1.0,0.5,3,6
4975,0.8,0.6714285714285714,-0.07142857142857142,0.4642857142857143,1.0,0.6666666666666666,8,12
4976,0.8333333333333333,0.6833333333333332,-0.2,0.4,1.0,0.7142857142857143,5,7
4977,0.7142857142857143,0.6285714285714286,0.2,0.6,1.0,0.5555555555555556,5,9
4978,0.4,0.4,1.0,1.0,1.0,0.25,4,16
4979,0.8571428571428571,0.8057142857142856,0.6,0.8,1.0,0.75,6,8
4980,0.5,0.475,0.6666666666666666,0.8333333333333333,1.0,0.3333333333333333,4,12
4981,0.5,0.44999999999999996,0.3333333333333333,0.6666666666666666,1.0,0.3333333333333333,4,12
4982,0.47058823529411764,0.4235294117647058,0.3333333333333333,0.6666666666666666,1.0,0.3076923076923077,4,13
4983,0.8333333333333333,0.7333333333333332,0.2,0.6,1.0,0.7142857142857143,5,7
4984,0.7692307692307693,0.6769230769230768,0.2,0.6,1.0,0.625,5,8
4985,0.5454545454545454,0.5454545454545454,1.0,1.0,1.0,0.375,3,8
4986,0.5714285714285715,0.5142857142857143,0.3333333333333333,0.6666666666666666,1.0,0.4,4,10
4987,0.5454545454545454,0.49090909090909085,0.3333333333333333,0.6666666666666666,1.0,0.375,3,8
4988,0.42857142857142855,0.3857142857142857,0.3333333333333333,0.6666666666666666,1.0,0.2727272727272727,3,11
4989,0.6666666666666666,0.5666666666666667,0.0,0.5,1.0,0.5,5,10
4990,0.8333333333333333,0.7083333333333333,0.0,0.5,0.7142857142857143,1.0,7,5
4991,0.6666666666666666,0.5666666666666667,0.0,0.5,1.0,0.5,4,8
4992,0.7499999999999999,0.7499999999999999,1.0,1.0,1.0,0.6,3,5
4993,0.5333333333333333,0.42666666666666664,-0.3333333333333333,0.33333333333333337,1.0,0.36363636363636365,4,11
4994,0.5333333333333333,0.42666666666666664,-0.3333333333333333,0.33333333333333337,1.0,0.36363636363636365,4,11
4995,0.7272727272727273,0.6545454545454545,0.3333333333333333,0.6666666666666666,1.0,0.5714285714285714,4,7
4996,0.5263157894736842,0.4473684210526315,0.0,0.5,1.0,0.35714285714285715,5,14
4997,0.631578947368421,0.5305263157894736,-0.06666666666666667,0.4666666666666667,1.0,0.46153846153846156,6,13
4998,0.7058823529411764,0.6211764705882351,0.2,0.6,1.0,0.5454545454545454,6,11
4999,0.47619047619047616,0.37619047619047613,-0.4,0.3,1.0,0.3125,5,16
5000,1.0,0.875,0.16666666666666666,0.5833333333333334,1.0,1.0,9,9
5001,0.5714285714285715,0.5428571428571429,0.6666666666666666,0.8333333333333333,1.0,0.4,4,10
5002,0.7142857142857143,0.5642857142857143,-0.4,0.3,1.0,0.5555555555555556,5,9
5003,0.7272727272727273,0.6181818181818182,0.0,0.5,1.0,0.5714285714285714,4,7
5004,0.923076923076923,0.7384615384615384,-0.3333333333333333,0.33333333333333337,1.0,0.8571428571428571,6,7
5005,0.8181818181818181,0.6818181818181817,-0.1111111111111111,0.4444444444444444,1.0,0.6923076923076923,9,13
5006,0.5882352941176471,0.5529411764705883,0.6,0.8,1.0,0.4166666666666667,5,12
5007,0.7692307692307693,0.7230769230769231,0.6,0.8,1.0,0.625,5,8
5008,0.5714285714285715,0.48571428571428577,0.0,0.5,1.0,0.4,4,10
5009,0.8,0.76,0.6666666666666666,0.8333333333333333,1.0,0.6666666666666666,4,6
5010,0.6153846153846153,0.6153846153846153,1.0,1.0,1.0,0.4444444444444444,4,9
5011,0.6666666666666666,0.5333333333333332,-0.3333333333333333,0.33333333333333337,1.0,0.5,3,6
5012,0.923076923076923,0.8307692307692306,0.3333333333333333,0.6666666666666666,0.8571428571428571,1.0,7,6
5013,0.6153846153846153,0.6153846153846153,1.0,1.0,1.0,0.4444444444444444,4,9
5014,0.7499999999999999,0.7049999999999998,0.6,0.8,1.0,0.6,6,10
5015,0.5,0.44999999999999996,0.3333333333333333,0.6666666666666666,1.0,0.3333333333333333,4,12
5016,0.631578947368421,0.5557894736842104,0.2,0.6,1.0,0.46153846153846156,6,13
5017,0.6666666666666666,0.6666666666666666,1.0,1.0,1.0,0.5,5,10
5018,0.8571428571428571,0.7542857142857141,0.2,0.6,1.0,0.75,6,8
5019,0.5555555555555556,0.4888888888888889,0.2,0.6,1.0,0.38461538461538464,5,13
5020,0.625,0.53125,0.0,0.5,1.0,0.45454545454545453,5,11
5021,0.6153846153846153,0.5846153846153845,0.6666666666666666,0.8333333333333333,1.0,0.4444444444444444,4,9
5022,0.47058823529411764,0.47058823529411764,1.0,1.0,1.0,0.3076923076923077,4,13
5023,0.6666666666666666,0.5266666666666666,-0.4,0.3,1.0,0.5,5,10
5024,0.5714285714285715,0.48571428571428577,0.0,0.5,1.0,0.4,4,10
5025,0.5,0.44999999999999996,0.3333333333333333,0.6666666666666666,1.0,0.3333333333333333,3,9
5026,0.7692307692307693,0.7692307692307693,1.0,1.0,1.0,0.625,5,8
5027,0.9090909090909091,0.7999999999999998,0.2,0.6,1.0,0.8333333333333334,5,6
5028,0.35294117647058826,0.35294117647058826,1.0,1.0,1.0,0.21428571428571427,3,14
5029,0.9411764705882353,0.7899159663865545,-0.07142857142857142,0.4642857142857143,1.0,0.8888888888888888,8,9
5030,0.6666666666666666,0.6333333333333333,0.6666666666666666,0.8333333333333333,1.0,0.5,4,8
5031,0.5555555555555556,0.5388888888888889,0.8,0.9,1.0,0.38461538461538464,5,13
5032,0.5714285714285715,0.48571428571428577,0.0,0.5,1.0,0.4,4,10
5033,0.47058823529411764,0.47058823529411764,1.0,1.0,1.0,0.3076923076923077,4,13
5034,0.6666666666666666,0.5333333333333332,-0.3333333333333333,0.33333333333333337,1.0,0.5,4,8
5035,0.7368421052631579,0.6,-0.23809523809523808,0.38095238095238093,1.0,0.5833333333333334,7,12
5036,0.8235294117647058,0.6823529411764705,-0.14285714285714285,0.4285714285714286,1.0,0.7,7,10
5037,1.0,0.9714285714285713,0.8095238095238095,0.9047619047619048,1.0,1.0,7,7
5038,0.8,0.68,0.0,0.5,1.0,0.6666666666666666,4,6
5039,0.5,0.425,0.0,0.5,1.0,0.3333333333333333,4,12
5040,0.5555555555555556,0.45555555555555555,-0.2,0.4,1.0,0.38461538461538464,5,13
5041,0.8333333333333333,0.7833333333333332,0.6,0.8,1.0,0.7142857142857143,5,7
5042,0.5714285714285715,0.5257142857142858,0.4666666666666667,0.7333333333333334,1.0,0.4,6,15
5043,0.9,0.825,0.4444444444444444,0.7222222222222222,1.0,0.8181818181818182,9,11
5044,0.8,0.752,0.6,0.8,1.0,0.6666666666666666,6,9
5045,0.5714285714285715,0.5428571428571429,0.6666666666666666,0.8333333333333333,1.0,0.4,4,10
5046,0.625,0.45625,-0.8,0.09999999999999998,1.0,0.45454545454545453,5,11
5047,0.9090909090909091,0.8272727272727272,0.4,0.7,1.0,0.8333333333333334,5,6
5048,0.7499999999999999,0.6599999999999998,0.2,0.6,1.0,0.6,6,10
5049,0.5,0.39999999999999997,-0.3333333333333333,0.33333333333333337,1.0,0.3333333333333333,4,12
5050,0.6666666666666666,0.5999999999999999,0.3333333333333333,0.6666666666666666,1.0,0.5,3,6
5051,0.6666666666666666,0.6466666666666666,0.8,0.9,1.0,0.5,5,10
5052,0.8333333333333333,0.7583333333333332,0.4,0.7,1.0,0.7142857142857143,5,7
5053,0.8,0.656,-0.2,0.4,1.0,0.6666666666666666,6,9
5054,0.5,0.44999999999999996,0.3333333333333333,0.6666666666666666,1.0,0.3333333333333333,4,12
5055,0.888888888888889,0.7111111111111111,-0.3333333333333333,0.33333333333333337,1.0,0.8,4,5
5056,0.7777777777777778,0.6666666666666666,0.047619047619047616,0.5238095238095238,1.0,0.6363636363636364,7,11
5057,0.8,0.72,0.3333333333333333,0.6666666666666666,1.0,0.6666666666666666,4,6
5058,0.4444444444444445,0.39999999999999997,0.3333333333333333,0.6666666666666666,1.0,0.2857142857142857,4,14
5059,0.6666666666666666,0.5999999999999999,0.3333333333333333,0.6666666666666666,1.0,0.5,6,12
5060,0.47619047619047616,0.3904761904761904,-0.2,0.4,1.0,0.3125,5,16
5061,0.8571428571428571,0.7214285714285713,-0.05555555555555555,0.4722222222222222,1.0,0.75,9,12
5062,0.6666666666666666,0.5266666666666666,-0.4,0.3,1.0,0.5,5,10
5063,0.625,0.5874999999999999,0.6,0.8,1.0,0.45454545454545453,5,11
5064,0.6153846153846153,0.46153846153846145,-0.6666666666666666,0.16666666666666669,1.0,0.4444444444444444,4,9
5065,0.6666666666666666,0.6666666666666666,1.0,1.0,1.0,0.5,5,10
5066,0.5,0.35,-1.0,0.0,1.0,0.3333333333333333,4,12
5067,0.5263157894736842,0.4947368421052631,0.6,0.8,1.0,0.35714285714285715,5,14
5068,0.7272727272727273,0.5454545454545454,-0.6666666666666666,0.16666666666666669,1.0,0.5714285714285714,4,7
5069,0.5555555555555556,0.5222222222222223,0.6,0.8,1.0,0.38461538461538464,5,13
5070,0.7272727272727273,0.6909090909090909,0.6666666666666666,0.8333333333333333,1.0,0.5714285714285714,4,7
5071,0.8,0.76,0.6666666666666666,0.8333333333333333,1.0,0.6666666666666666,4,6
5072,0.4444444444444445,0.4222222222222222,0.6666666666666666,0.8333333333333333,1.0,0.2857142857142857,4,14
5073,0.6666666666666666,0.5599999999999999,-0.06666666666666667,0.4666666666666667,1.0,0.5,6,12
5074,0.7272727272727273,0.6545454545454545,0.3333333333333333,0.6666666666666666,1.0,0.5714285714285714,4,7
5075,0.7142857142857143,0.6071428571428571,0.0,0.5,1.0,0.5555555555555556,5,9
5076,0.5882352941176471,0.5176470588235293,0.2,0.6,1.0,0.4166666666666667,5,12
5077,0.9090909090909091,0.8272727272727272,0.4,0.7,1.0,0.8333333333333334,5,6
5078,0.625,0.5125,-0.2,0.4,1.0,0.45454545454545453,5,11
5079,0.625,0.5499999999999999,0.2,0.6,1.0,0.45454545454545453,5,11
5080,0.888888888888889,0.7555555555555555,0.0,0.5,1.0,0.8,4,5
5081,0.9411764705882353,0.880672268907563,0.5714285714285714,0.7857142857142857,1.0,0.8888888888888888,8,9
5082,0.625,0.5874999999999999,0.6,0.8,1.0,0.45454545454545453,5,11
5083,0.6666666666666666,0.6466666666666666,0.8,0.9,1.0,0.5,5,10
5084,0.6666666666666666,0.5333333333333332,-0.3333333333333333,0.33333333333333337,1.0,0.5,3,6
5085,0.7272727272727273,0.6181818181818182,0.0,0.5,1.0,0.5714285714285714,4,7
5086,0.6666666666666666,0.6066666666666666,0.4,0.7,1.0,0.5,5,10
5087,0.5714285714285715,0.4571428571428572,-0.3333333333333333,0.33333333333333337,1.0,0.4,4,10
5088,0.47058823529411764,0.37647058823529406,-0.3333333333333333,0.33333333333333337,1.0,0.3076923076923077,4,13
5089,0.8,0.72,0.3333333333333333,0.6666666666666666,1.0,0.6666666666666666,6,9
5090,0.7692307692307693,0.6538461538461539,0.0,0.5,1.0,0.625,5,8
5091,0.6666666666666666,0.6333333333333333,0.6666666666666666,0.8333333333333333,1.0,0.5,4,8
5092,0.7499999999999999,0.6149999999999999,-0.2,0.4,1.0,0.6,6,10
5093,0.6666666666666666,0.5666666666666667,0.0,0.5,1.0,0.5,5,10
5094,0.6153846153846153,0.6153846153846153,1.0,1.0,1.0,0.4444444444444444,4,9
5095,0.4444444444444445,0.35555555555555557,-0.3333333333333333,0.33333333333333337,1.0,0.2857142857142857,4,14
5096,0.625,0.49374999999999997,-0.4,0.3,1.0,0.45454545454545453,5,11
5097,0.6153846153846153,0.5538461538461538,0.3333333333333333,0.6666666666666666,1.0,0.4444444444444444,4,9
5098,0.7142857142857143,0.5642857142857143,-0.4,0.3,1.0,0.5555555555555556,5,9
5099,0.7272727272727273,0.5818181818181818,-0.3333333333333333,0.33333333333333337,1.0,0.5714285714285714,4,7
5100,0.47619047619047616,0.3904761904761904,-0.2,0.4,1.0,0.3125,5,16
5101,0.5,0.425,0.0,0.5,1.0,0.3333333333333333,5,15
5102,0.5555555555555556,0.4888888888888889,0.2,0.6,1.0,0.38461538461538464,5,13
5103,0.5555555555555556,0.5388888888888889,0.8,0.9,1.0,0.38461538461538464,5,13
5104,0.6666666666666666,0.5666666666666667,0.0,0.5,1.0,0.5,5,10
5105,0.5714285714285715,0.5428571428571429,0.6666666666666666,0.8333333333333333,1.0,0.4,4,10
5106,0.5555555555555556,0.5055555555555555,0.4,0.7,1.0,0.38461538461538464,5,13
5107,0.6666666666666666,0.6066666666666666,0.4,0.7,1.0,0.5,5,10
5108,0.5714285714285715,0.5142857142857143,0.3333333333333333,0.6666666666666666,1.0,0.4,4,10
5109,0.5,0.475,0.6666666666666666,0.8333333333333333,1.0,0.3333333333333333,4,12
5110,0.8235294117647058,0.7058823529411764,0.047619047619047616,0.5238095238095238,1.0,0.7,7,10
5111,0.7692307692307693,0.7230769230769231,0.6,0.8,1.0,0.625,5,8
5112,0.6666666666666666,0.5999999999999999,0.3333333333333333,0.6666666666666666,1.0,0.5,6,12
5113,0.9090909090909091,0.7181818181818181,-0.4,0.3,1.0,0.8333333333333334,5,6
5114,0.8235294117647058,0.7647058823529411,0.5238095238095238,0.7619047619047619,1.0,0.7,7,10
5115,0.5,0.5,1.0,1.0,1.0,0.3333333333333333,5,15
5116,0.6666666666666666,0.6666666666666666,1.0,1.0,1.0,0.5,4,8
5117,0.5555555555555556,0.4388888888888889,-0.4,0.3,1.0,0.38461538461538464,5,13
5118,0.6153846153846153,0.6153846153846153,1.0,1.0,1.0,0.4444444444444444,4,9
5119,0.8,0.76,0.6666666666666666,0.8333333333333333,1.0,0.6666666666666666,4,6
5120,0.8333333333333333,0.7333333333333332,0.2,0.6,1.0,0.7142857142857143,5,7
5121,0.6666666666666666,0.6466666666666666,0.8,0.9,1.0,0.5,5,10
5122,0.5,0.475,0.6666666666666666,0.8333333333333333,1.0,0.3333333333333333,4,12
5123,0.7142857142857143,0.5642857142857143,-0.4,0.3,0.5555555555555556,1.0,9,5
5124,0.47058823529411764,0.47058823529411764,1.0,1.0,1.0,0.3076923076923077,4,13
5125,0.5714285714285715,0.5714285714285715,1.0,1.0,1.0,0.4,4,10
5126,0.7272727272727273,0.6181818181818182,0.0,0.5,1.0,0.5714285714285714,4,7
5127,0.33333333333333337,0.33333333333333337,1.0,1.0,0.2,1.0,5,1
5128,0.5882352941176471,0.5,0.0,0.5,1.0,0.4166666666666667,5,12
5129,0.6666666666666666,0.5466666666666666,-0.2,0.4,1.0,0.5,5,10
5130,0.8,0.64,-0.3333333333333333,0.33333333333333337,1.0,0.6666666666666666,4,6
5131,0.9333333333333333,0.84,0.3333333333333333,0.6666666666666666,1.0,0.875,7,8
5132,0.625,0.53125,0.0,0.5,1.0,0.45454545454545453,5,11
5133,0.7272727272727273,0.509090909090909,-1.0,0.0,1.0,0.5714285714285714,4,7
5134,0.625,0.5499999999999999,0.2,0.6,1.0,0.45454545454545453,5,11
5135,0.5714285714285715,0.48571428571428577,0.0,0.5,1.0,0.4,4,10
5136,0.625,0.5499999999999999,0.2,0.6,1.0,0.45454545454545453,5,11
5137,0.8,0.736,0.4666666666666667,0.7333333333333334,1.0,0.6666666666666666,6,9
5138,0.888888888888889,0.7555555555555555,0.0,0.5,1.0,0.8,4,5
5139,0.761904761904762,0.6476190476190476,0.0,0.5,1.0,0.6153846153846154,8,13
5140,0.5263157894736842,0.47894736842105257,0.4,0.7,1.0,0.35714285714285715,5,14
5141,0.5,0.44999999999999996,0.3333333333333333,0.6666666666666666,1.0,0.3333333333333333,4,12
5142,0.5263157894736842,0.39999999999999997,-0.6,0.2,1.0,0.35714285714285715,5,14
5143,0.7272727272727273,0.6909090909090909,0.6666666666666666,0.8333333333333333,1.0,0.5714285714285714,4,7
5144,1.0,0.8857142857142857,0.23809523809523808,0.6190476190476191,1.0,1.0,7,7
5145,0.5882352941176471,0.5,0.0,0.5,1.0,0.4166666666666667,5,12
5146,0.5882352941176471,0.4823529411764706,-0.2,0.4,1.0,0.4166666666666667,5,12
5147,0.5882352941176471,0.5,0.0,0.5,1.0,0.4166666666666667,5,12
5148,0.6666666666666666,0.6666666666666666,1.0,1.0,1.0,0.5,4,8
5149,0.8421052631578948,0.7969924812030076,0.6428571428571429,0.8214285714285714,1.0,0.7272727272727273,8,11
5150,0.8235294117647058,0.7058823529411764,0.047619047619047616,0.5238095238095238,1.0,0.7,7,10
5151,0.9090909090909091,0.7181818181818181,-0.4,0.3,1.0,0.8333333333333334,5,6
5152,0.5555555555555556,0.40555555555555556,-0.8,0.09999999999999998,1.0,0.38461538461538464,5,13
5153,0.5714285714285715,0.5142857142857143,0.3333333333333333,0.6666666666666666,1.0,0.4,4,10
5154,0.7692307692307693,0.7,0.4,0.7,1.0,0.625,5,8
5155,0.6153846153846153,0.523076923076923,0.0,0.5,1.0,0.4444444444444444,4,9
5156,0.5,0.425,0.0,0.5,1.0,0.3333333333333333,5,15
5157,0.7272727272727273,0.7272727272727273,1.0,1.0,1.0,0.5714285714285714,4,7
5158,0.5454545454545454,0.49090909090909085,0.3333333333333333,0.6666666666666666,1.0,0.375,3,8
5159,0.5555555555555556,0.5055555555555555,0.4,0.7,1.0,0.38461538461538464,5,13
5160,0.7499999999999999,0.7049999999999998,0.6,0.8,1.0,0.6,6,10
5161,0.47058823529411764,0.44705882352941173,0.6666666666666666,0.8333333333333333,1.0,0.3076923076923077,4,13
5162,0.7692307692307693,0.6307692307692307,-0.2,0.4,1.0,0.625,5,8
5163,0.8421052631578948,0.7969924812030076,0.6428571428571429,0.8214285714285714,1.0,0.7272727272727273,8,11
5164,0.6666666666666666,0.48666666666666664,-0.8,0.09999999999999998,1.0,0.5,5,10
5165,0.7000000000000001,0.6,0.047619047619047616,0.5238095238095238,1.0,0.5384615384615384,7,13
5166,0.923076923076923,0.8492307692307691,0.4666666666666667,0.7333333333333334,1.0,0.8571428571428571,6,7
5167,0.6666666666666666,0.5466666666666666,-0.2,0.4,1.0,0.5,5,10
5168,0.47058823529411764,0.37647058823529406,-0.3333333333333333,0.33333333333333337,1.0,0.3076923076923077,4,13
5169,0.8,0.76,0.6666666666666666,0.8333333333333333,1.0,0.6666666666666666,4,6
5170,0.625,0.53125,0.0,0.5,1.0,0.45454545454545453,5,11
5171,0.9090909090909091,0.7999999999999998,0.2,0.6,1.0,0.8333333333333334,5,6
5172,0.5333333333333333,0.42666666666666664,-0.3333333333333333,0.33333333333333337,1.0,0.36363636363636365,4,11
5173,0.5,0.39999999999999997,-0.3333333333333333,0.33333333333333337,1.0,0.3333333333333333,4,12
5174,0.625,0.53125,0.0,0.5,1.0,0.45454545454545453,5,11
5175,0.5263157894736842,0.4947368421052631,0.6,0.8,1.0,0.35714285714285715,5,14
5176,0.7142857142857143,0.6285714285714286,0.2,0.6,1.0,0.5555555555555556,5,9
5177,0.5,0.475,0.6666666666666666,0.8333333333333333,1.0,0.3333333333333333,4,12
5178,0.7499999999999999,0.6749999999999998,0.3333333333333333,0.6666666666666666,1.0,0.6,3,5
5179,0.8571428571428571,0.8057142857142856,0.6,0.8,1.0,0.75,6,8
5180,0.5714285714285715,0.48571428571428577,0.0,0.5,1.0,0.4,4,10
5181,0.6666666666666666,0.5999999999999999,0.3333333333333333,0.6666666666666666,1.0,0.5,3,6
5182,0.8,0.68,0.0,0.5,1.0,0.6666666666666666,4,6
5183,0.888888888888889,0.7999999999999999,0.3333333333333333,0.6666666666666666,1.0,0.8,4,5
5184,0.7142857142857143,0.5857142857142857,-0.2,0.4,1.0,0.5555555555555556,5,9
5185,0.5714285714285715,0.5142857142857143,0.3333333333333333,0.6666666666666666,1.0,0.4,4,10
5186,0.7142857142857143,0.6071428571428571,0.0,0.5,1.0,0.5555555555555556,5,9
5187,0.625,0.4375,-1.0,0.0,1.0,0.45454545454545453,5,11
5188,0.7272727272727273,0.6545454545454545,0.3333333333333333,0.6666666666666666,1.0,0.5714285714285714,4,7
5189,0.7272727272727273,0.6649350649350649,0.42857142857142855,0.7142857142857143,1.0,0.5714285714285714,8,14
5190,0.4210526315789474,0.4210526315789474,1.0,1.0,1.0,0.26666666666666666,4,15
5191,0.631578947368421,0.5936842105263157,0.6,0.8,1.0,0.46153846153846156,6,13
5192,0.47058823529411764,0.37647058823529406,-0.3333333333333333,0.33333333333333337,1.0,0.3076923076923077,4,13
5193,0.6666666666666666,0.4666666666666666,-1.0,0.0,1.0,0.5,4,8
5194,0.7142857142857143,0.6285714285714286,0.2,0.6,1.0,0.5555555555555556,5,9
5195,0.625,0.5499999999999999,0.2,0.6,1.0,0.45454545454545453,5,11
5196,0.47619047619047616,0.4333333333333333,0.4,0.7,1.0,0.3125,5,16
5197,1.0,0.97,0.8,0.9,1.0,1.0,5,5
5198,0.8235294117647058,0.6823529411764705,-0.14285714285714285,0.4285714285714286,1.0,0.7,7,10
5199,0.5333333333333333,0.4799999999999999,0.3333333333333333,0.6666666666666666,1.0,0.36363636363636365,4,11
5200,0.6666666666666666,0.5333333333333332,-0.3333333333333333,0.33333333333333337,1.0,0.5,4,8
5201,0.5263157894736842,0.431578947368421,-0.2,0.4,1.0,0.35714285714285715,5,14
5202,0.625,0.53125,0.0,0.5,1.0,0.45454545454545453,5,11
5203,0.5,0.39999999999999997,-0.3333333333333333,0.33333333333333337,1.0,0.3333333333333333,4,12
5204,0.7499999999999999,0.7499999999999999,1.0,1.0,1.0,0.6,6,10
5205,0.8,0.704,0.2,0.6,1.0,0.6666666666666666,6,9
5206,0.8333333333333333,0.7833333333333332,0.6,0.8,1.0,0.7142857142857143,5,7
5207,0.7142857142857143,0.6071428571428571,0.0,0.5,1.0,0.5555555555555556,5,9
5208,0.625,0.45625,-0.8,0.09999999999999998,1.0,0.45454545454545453,5,11
5209,0.6666666666666666,0.5666666666666667,0.0,0.5,1.0,0.5,5,10
5210,0.6,0.504,-0.06666666666666667,0.4666666666666667,1.0,0.42857142857142855,6,14
5211,0.5,0.39999999999999997,-0.3333333333333333,0.33333333333333337,1.0,0.3333333333333333,4,12
5212,0.7272727272727273,0.6909090909090909,0.6666666666666666,0.8333333333333333,1.0,0.5714285714285714,4,7
5213,0.6153846153846153,0.4923076923076922,-0.3333333333333333,0.33333333333333337,1.0,0.4444444444444444,4,9
5214,0.6666666666666666,0.6266666666666666,0.6,0.8,1.0,0.5,5,10
5215,0.7692307692307693,0.6538461538461539,0.0,0.5,1.0,0.625,5,8
5216,0.8235294117647058,0.7411764705882352,0.3333333333333333,0.6666666666666666,1.0,0.7,7,10
5217,0.4444444444444445,0.37777777777777777,0.0,0.5,1.0,0.2857142857142857,4,14
5218,0.7692307692307693,0.7,0.4,0.7,1.0,0.625,5,8
5219,0.6666666666666666,0.5466666666666666,-0.2,0.4,1.0,0.5,5,10
5220,0.47619047619047616,0.4619047619047619,0.8,0.9,1.0,0.3125,5,16
5221,0.625,0.5499999999999999,0.2,0.6,1.0,0.45454545454545453,5,11
5222,0.7142857142857143,0.6499999999999999,0.4,0.7,1.0,0.5555555555555556,5,9
5223,0.42857142857142855,0.3857142857142857,0.3333333333333333,0.6666666666666666,1.0,0.2727272727272727,3,11
5224,0.9333333333333333,0.8533333333333333,0.42857142857142855,0.7142857142857143,1.0,0.875,7,8
5225,0.625,0.53125,0.0,0.5,1.0,0.45454545454545453,5,11
5226,0.923076923076923,0.8676923076923075,0.6,0.8,1.0,0.8571428571428571,6,7
5227,0.5714285714285715,0.5257142857142858,0.4666666666666667,0.7333333333333334,1.0,0.4,6,15
5228,0.6666666666666666,0.5,-0.6666666666666666,0.16666666666666669,1.0,0.5,4,8
5229,0.8,0.768,0.7333333333333333,0.8666666666666667,1.0,0.6666666666666666,6,9
5230,0.9090909090909091,0.7999999999999998,0.2,0.6,1.0,0.8333333333333334,5,6
5231,0.4,0.4,1.0,1.0,0.25,1.0,4,1
5232,0.5333333333333333,0.4533333333333333,0.0,0.5,1.0,0.36363636363636365,4,11
5233,0.5,0.44999999999999996,0.3333333333333333,0.6666666666666666,1.0,0.3333333333333333,4,12
5234,0.47619047619047616,0.4333333333333333,0.4,0.7,1.0,0.3125,5,16
5235,0.6666666666666666,0.5733333333333333,0.06666666666666667,0.5333333333333333,1.0,0.5,6,12
5236,0.5882352941176471,0.5882352941176471,1.0,1.0,1.0,0.4166666666666667,5,12
5237,0.5333333333333333,0.4799999999999999,0.3333333333333333,0.6666666666666666,1.0,0.36363636363636365,4,11
5238,0.5714285714285715,0.48571428571428577,0.0,0.5,1.0,0.4,4,10
5239,0.6666666666666666,0.5866666666666666,0.2,0.6,1.0,0.5,5,10
5240,0.625,0.53125,0.0,0.5,1.0,0.45454545454545453,5,11
5241,0.7272727272727273,0.6909090909090909,0.6666666666666666,0.8333333333333333,1.0,0.5714285714285714,4,7
5242,0.5333333333333333,0.4533333333333333,0.0,0.5,1.0,0.36363636363636365,4,11
5243,0.8333333333333333,0.8083333333333332,0.8,0.9,1.0,0.7142857142857143,5,7
5244,0.9411764705882353,0.7798319327731091,-0.14285714285714285,0.4285714285714286,0.8888888888888888,1.0,9,8
5245,0.9090909090909091,0.7454545454545454,-0.2,0.4,1.0,0.8333333333333334,5,6
5246,0.5333333333333333,0.5333333333333333,1.0,1.0,1.0,0.36363636363636365,4,11
5247,0.7692307692307693,0.7692307692307693,1.0,1.0,1.0,0.625,5,8
5248,0.5714285714285715,0.48571428571428577,0.0,0.5,1.0,0.4,4,10
5249,0.7692307692307693,0.6307692307692307,-0.2,0.4,1.0,0.625,5,8
5250,0.6666666666666666,0.5714285714285714,0.047619047619047616,0.5238095238095238,1.0,0.5,7,14
5251,0.5714285714285715,0.48571428571428577,0.0,0.5,1.0,0.4,4,10
5252,0.9090909090909091,0.7454545454545454,-0.2,0.4,1.0,0.8333333333333334,5,6
5253,0.625,0.56875,0.4,0.7,1.0,0.45454545454545453,5,11
5254,0.5714285714285715,0.5142857142857143,0.3333333333333333,0.6666666666666666,1.0,0.4,4,10
5255,0.6666666666666666,0.5266666666666666,-0.4,0.3,1.0,0.5,5,10
5256,0.5714285714285715,0.5142857142857143,0.3333333333333333,0.6666666666666666,1.0,0.4,4,10
5257,0.8,0.72,0.3333333333333333,0.6666666666666666,1.0,0.6666666666666666,4,6
5258,0.6666666666666666,0.5466666666666666,-0.2,0.4,1.0,0.5,5,10
5259,0.5555555555555556,0.4722222222222222,0.0,0.5,1.0,0.38461538461538464,5,13
5260,0.4210526315789474,0.31578947368421056,-0.6666666666666666,0.16666666666666669,1.0,0.26666666666666666,4,15
5261,0.4615384615384615,0.4153846153846153,0.3333333333333333,0.6666666666666666,1.0,0.3,3,10
5262,0.5555555555555556,0.4888888888888889,0.2,0.6,1.0,0.38461538461538464,5,13
5263,0.7142857142857143,0.6071428571428571,0.0,0.5,1.0,0.5555555555555556,5,9
5264,0.7142857142857143,0.6071428571428571,0.0,0.5,1.0,0.5555555555555556,5,9
5265,0.5714285714285715,0.5142857142857143,0.3333333333333333,0.6666666666666666,1.0,0.4,4,10
5266,0.9090909090909091,0.8272727272727272,0.4,0.7,1.0,0.8333333333333334,5,6
5267,1.0,0.8799999999999999,0.2,0.6,1.0,1.0,5,5
5268,0.5714285714285715,0.48571428571428577,0.0,0.5,1.0,0.4,4,10
5269,0.7272727272727273,0.6181818181818182,0.0,0.5,1.0,0.5714285714285714,4,7
5270,1.0,0.9142857142857143,0.42857142857142855,0.7142857142857143,1.0,1.0,7,7
5271,0.8,0.68,0.0,0.5,1.0,0.6666666666666666,4,6
5272,0.7272727272727273,0.6415584415584416,0.21428571428571427,0.6071428571428571,1.0,0.5714285714285714,8,14
5273,0.7499999999999999,0.6299999999999999,-0.06666666666666667,0.4666666666666667,1.0,0.6,6,10
5274,0.6153846153846153,0.46153846153846145,-0.6666666666666666,0.16666666666666669,1.0,0.4444444444444444,4,9
5275,0.8235294117647058,0.7294117647058823,0.23809523809523808,0.6190476190476191,1.0,0.7,7,10
5276,0.5882352941176471,0.46470588235294114,-0.4,0.3,1.0,0.4166666666666667,5,12
5277,0.42857142857142855,0.3857142857142857,0.3333333333333333,0.6666666666666666,1.0,0.2727272727272727,3,11
5278,0.8333333333333333,0.7583333333333332,0.4,0.7,1.0,0.7142857142857143,5,7
5279,0.6666666666666666,0.6333333333333333,0.6666666666666666,0.8333333333333333,1.0,0.5,4,8
5280,0.8,0.64,-0.3333333333333333,0.33333333333333337,1.0,0.6666666666666666,4,6
5281,0.47058823529411764,0.4235294117647058,0.3333333333333333,0.6666666666666666,1.0,0.3076923076923077,4,13
5282,0.7692307692307693,0.5615384615384615,-0.8,0.09999999999999998,1.0,0.625,5,8
5283,0.7272727272727273,0.6909090909090909,0.6666666666666666,0.8333333333333333,1.0,0.5714285714285714,4,7
5284,0.47619047619047616,0.3904761904761904,-0.2,0.4,1.0,0.3125,5,16
5285,0.7272727272727273,0.5818181818181818,-0.3333333333333333,0.33333333333333337,1.0,0.5714285714285714,4,7
5286,0.5333333333333333,0.5333333333333333,1.0,1.0,1.0,0.36363636363636365,4,11
5287,0.631578947368421,0.5431578947368421,0.06666666666666667,0.5333333333333333,1.0,0.46153846153846156,6,13
5288,0.8333333333333333,0.7083333333333333,0.0,0.5,1.0,0.7142857142857143,5,7
5289,1.0,0.96,0.7333333333333333,0.8666666666666667,1.0,1.0,6,6
5290,0.47058823529411764,0.4235294117647058,0.3333333333333333,0.6666666666666666,1.0,0.3076923076923077,4,13
5291,0.6666666666666666,0.5999999999999999,0.3333333333333333,0.6666666666666666,1.0,0.5,4,8
5292,0.5333333333333333,0.4,-0.6666666666666666,0.16666666666666669,1.0,0.36363636363636365,4,11
5293,0.6666666666666666,0.5666666666666667,0.0,0.5,1.0,0.5,4,8
5294,0.6153846153846153,0.6153846153846153,1.0,1.0,1.0,0.4444444444444444,4,9
5295,0.6666666666666666,0.6266666666666666,0.6,0.8,1.0,0.5,5,10
5296,0.5333333333333333,0.5066666666666666,0.6666666666666666,0.8333333333333333,1.0,0.36363636363636365,4,11
5297,0.6153846153846153,0.46153846153846145,-0.6666666666666666,0.16666666666666669,1.0,0.4444444444444444,4,9
5298,0.5882352941176471,0.46470588235294114,-0.4,0.3,1.0,0.4166666666666667,5,12
5299,0.625,0.45625,-0.8,0.09999999999999998,1.0,0.45454545454545453,5,11
5300,0.5333333333333333,0.4533333333333333,0.0,0.5,1.0,0.36363636363636365,4,11
5301,0.8,0.656,-0.2,0.4,1.0,0.6666666666666666,6,9
5302,0.7272727272727273,0.6909090909090909,0.6666666666666666,0.8333333333333333,1.0,0.5714285714285714,4,7
5303,0.6666666666666666,0.5666666666666667,0.0,0.5,1.0,0.5,5,10
5304,0.6666666666666666,0.5333333333333332,-0.3333333333333333,0.33333333333333337,1.0,0.5,3,6
5305,0.5454545454545454,0.49090909090909085,0.3333333333333333,0.6666666666666666,1.0,0.375,3,8
5306,0.6666666666666666,0.5666666666666667,0.0,0.5,1.0,0.5,4,8
5307,0.6666666666666666,0.6285714285714286,0.6190476190476191,0.8095238095238095,1.0,0.5,7,14
5308,0.5714285714285715,0.5142857142857143,0.3333333333333333,0.6666666666666666,1.0,0.4,4,10
5309,0.5882352941176471,0.5176470588235293,0.2,0.6,1.0,0.4166666666666667,5,12
5310,0.9090909090909091,0.8818181818181817,0.8,0.9,1.0,0.8333333333333334,5,6
5311,0.8,0.768,0.7333333333333333,0.8666666666666667,1.0,0.6666666666666666,6,9
5312,0.7272727272727273,0.6545454545454545,0.3333333333333333,0.6666666666666666,1.0,0.5714285714285714,4,7
5313,0.7272727272727273,0.6909090909090909,0.6666666666666666,0.8333333333333333,1.0,0.5714285714285714,4,7
5314,0.7142857142857143,0.5857142857142857,-0.2,0.4,1.0,0.5555555555555556,5,9
5315,1.0,0.9357142857142857,0.5714285714285714,0.7857142857142857,1.0,1.0,8,8
5316,0.5454545454545454,0.3818181818181818,-1.0,0.0,1.0,0.375,3,8
5317,0.4210526315789474,0.37894736842105264,0.3333333333333333,0.6666666666666666,1.0,0.26666666666666666,4,15
5318,0.6666666666666666,0.5999999999999999,0.3333333333333333,0.6666666666666666,1.0,0.5,4,8
5319,0.8,0.8,1.0,1.0,1.0,0.6666666666666666,4,6
5320,0.5,0.41,-0.2,0.4,1.0,0.3333333333333333,5,15
5321,0.7777777777777778,0.6444444444444444,-0.14285714285714285,0.4285714285714286,1.0,0.6363636363636364,7,11
5322,0.9411764705882353,0.8100840336134453,0.07142857142857142,0.5357142857142857,1.0,0.8888888888888888,8,9
5323,0.6153846153846153,0.6153846153846153,1.0,1.0,1.0,0.4444444444444444,4,9
5324,0.625,0.5499999999999999,0.2,0.6,1.0,0.45454545454545453,5,11
5325,0.625,0.56875,0.4,0.7,1.0,0.45454545454545453,5,11
5326,0.6666666666666666,0.5666666666666667,0.0,0.5,1.0,0.5,4,8
5327,0.6153846153846153,0.523076923076923,0.0,0.5,1.0,0.4444444444444444,4,9
5328,0.5,0.425,0.0,0.5,1.0,0.3333333333333333,4,12
5329,0.9090909090909091,0.8545454545454545,0.6,0.8,1.0,0.8333333333333334,5,6
5330,0.5882352941176471,0.4294117647058824,-0.8,0.09999999999999998,1.0,0.4166666666666667,5,12
5331,0.35294117647058826,0.3176470588235294,0.3333333333333333,0.6666666666666666,1.0,0.21428571428571427,3,14
5332,0.6666666666666666,0.5466666666666666,-0.2,0.4,1.0,0.5,6,12
5333,0.6153846153846153,0.523076923076923,0.0,0.5,1.0,0.4444444444444444,4,9
5334,0.6666666666666666,0.5,-0.6666666666666666,0.16666666666666669,1.0,0.5,4,8
5335,0.6666666666666666,0.5466666666666666,-0.2,0.4,1.0,0.5,5,10
5336,0.7499999999999999,0.5999999999999999,-0.3333333333333333,0.33333333333333337,1.0,0.6,6,10
5337,0.631578947368421,0.5810526315789473,0.4666666666666667,0.7333333333333334,1.0,0.46153846153846156,6,13
5338,0.6153846153846153,0.5846153846153845,0.6666666666666666,0.8333333333333333,1.0,0.4444444444444444,4,9
5339,0.5882352941176471,0.5176470588235293,0.2,0.6,1.0,0.4166666666666667,5,12
5340,0.5333333333333333,0.4799999999999999,0.3333333333333333,0.6666666666666666,1.0,0.36363636363636365,4,11
5341,0.5714285714285715,0.5142857142857143,0.3333333333333333,0.6666666666666666,1.0,0.4,4,10
5342,0.6666666666666666,0.6333333333333333,0.6666666666666666,0.8333333333333333,1.0,0.5,4,8
5343,0.625,0.5874999999999999,0.6,0.8,1.0,0.45454545454545453,5,11
5344,0.8,0.64,-0.3333333333333333,0.33333333333333337,1.0,0.6666666666666666,4,6
5345,0.7692307692307693,0.7,0.4,0.7,1.0,0.625,5,8
5346,0.7692307692307693,0.6076923076923076,-0.4,0.3,1.0,0.625,5,8
5347,0.5333333333333333,0.4799999999999999,0.3333333333333333,0.6666666666666666,1.0,0.36363636363636365,4,11
5348,0.7142857142857143,0.6499999999999999,0.4,0.7,1.0,0.5555555555555556,5,9
5349,0.9411764705882353,0.8201680672268906,0.14285714285714285,0.5714285714285714,1.0,0.8888888888888888,8,9
5350,0.8,0.64,-0.3333333333333333,0.33333333333333337,1.0,0.6666666666666666,4,6
5351,0.5,0.39999999999999997,-0.3333333333333333,0.33333333333333337,1.0,0.3333333333333333,3,9
5352,1.0,0.82,-0.2,0.4,1.0,1.0,5,5
5353,0.9090909090909091,0.8818181818181817,0.8,0.9,1.0,0.8333333333333334,5,6
5354,0.5,0.44999999999999996,0.3333333333333333,0.6666666666666666,1.0,0.3333333333333333,4,12
5355,0.6666666666666666,0.5999999999999999,0.3333333333333333,0.6666666666666666,1.0,0.5,4,8
5356,0.8571428571428571,0.7371428571428571,0.06666666666666667,0.5333333333333333,0.75,1.0,8,6
5357,1.0,0.82,-0.2,0.4,1.0,1.0,5,5
5358,0.4210526315789474,0.37894736842105264,0.3333333333333333,0.6666666666666666,1.0,0.26666666666666666,4,15
5359,0.9333333333333333,0.84,0.3333333333333333,0.6666666666666666,1.0,0.875,7,8
5360,0.4615384615384615,0.32307692307692304,-1.0,0.0,1.0,0.3,3,10
5361,0.5714285714285715,0.5142857142857143,0.3333333333333333,0.6666666666666666,1.0,0.4,4,10
5362,0.6956521739130436,0.6360248447204969,0.42857142857142855,0.7142857142857143,1.0,0.5333333333333333,8,15
5363,0.7142857142857143,0.5428571428571429,-0.6,0.2,1.0,0.5555555555555556,5,9
5364,0.6666666666666666,0.5333333333333332,-0.3333333333333333,0.33333333333333337,0.5,1.0,6,3
5365,0.7000000000000001,0.62,0.23809523809523808,0.6190476190476191,1.0,0.5384615384615384,7,13
5366,0.5714285714285715,0.5142857142857143,0.3333333333333333,0.6666666666666666,1.0,0.4,4,10
5367,0.8333333333333333,0.7833333333333332,0.6,0.8,0.7142857142857143,1.0,7,5
5368,0.5882352941176471,0.4823529411764706,-0.2,0.4,1.0,0.4166666666666667,5,12
5369,0.7692307692307693,0.7230769230769231,0.6,0.8,1.0,0.625,5,8
5370,0.5714285714285715,0.4571428571428572,-0.3333333333333333,0.33333333333333337,1.0,0.4,4,10
5371,0.6153846153846153,0.5538461538461538,0.3333333333333333,0.6666666666666666,1.0,0.4444444444444444,4,9
5372,0.6153846153846153,0.46153846153846145,-0.6666666666666666,0.16666666666666669,1.0,0.4444444444444444,4,9
5373,0.5454545454545454,0.49090909090909085,0.3333333333333333,0.6666666666666666,1.0,0.375,6,16
5374,0.8,0.72,0.3333333333333333,0.6666666666666666,1.0,0.6666666666666666,4,6
5375,0.47058823529411764,0.44705882352941173,0.6666666666666666,0.8333333333333333,1.0,0.3076923076923077,4,13
5376,0.5454545454545454,0.4799999999999999,0.2,0.6,1.0,0.375,6,16
5377,0.625,0.53125,0.0,0.5,1.0,0.45454545454545453,5,11
5378,0.625,0.5499999999999999,0.2,0.6,1.0,0.45454545454545453,5,11
5379,0.5,0.425,0.0,0.5,1.0,0.3333333333333333,4,12
5380,0.7692307692307693,0.6307692307692307,-0.2,0.4,1.0,0.625,5,8
5381,0.625,0.56875,0.4,0.7,1.0,0.45454545454545453,5,11
5382,0.6666666666666666,0.5333333333333332,-0.3333333333333333,0.33333333333333337,1.0,0.5,4,8
5383,0.5,0.39999999999999997,-0.3333333333333333,0.33333333333333337,1.0,0.3333333333333333,4,12
5384,0.7142857142857143,0.6714285714285714,0.6,0.8,1.0,0.5555555555555556,5,9
5385,0.6666666666666666,0.5866666666666666,0.2,0.6,1.0,0.5,5,10
5386,0.6666666666666666,0.5999999999999999,0.3333333333333333,0.6666666666666666,1.0,0.5,3,6
5387,0.4210526315789474,0.35789473684210527,0.0,0.5,1.0,0.26666666666666666,4,15
5388,0.7058823529411764,0.5647058823529411,-0.3333333333333333,0.33333333333333337,1.0,0.5454545454545454,6,11
5389,0.7692307692307693,0.7230769230769231,0.6,0.8,1.0,0.625,5,8
5390,0.5555555555555556,0.4888888888888889,0.2,0.6,1.0,0.38461538461538464,5,13
5391,0.6153846153846153,0.523076923076923,0.0,0.5,1.0,0.4444444444444444,4,9
5392,0.6153846153846153,0.6153846153846153,1.0,1.0,1.0,0.4444444444444444,4,9
5393,0.7368421052631579,0.6947368421052631,0.6190476190476191,0.8095238095238095,1.0,0.5833333333333334,7,12
5394,0.6666666666666666,0.5666666666666667,0.0,0.5,1.0,0.5,4,8
5395,0.5,0.45499999999999996,0.4,0.7,1.0,0.3333333333333333,5,15
5396,0.4,0.4,1.0,1.0,0.25,1.0,4,1
5397,0.6,0.5399999999999999,0.3333333333333333,0.6666666666666666,1.0,0.42857142857142855,3,7
5398,0.5882352941176471,0.5176470588235293,0.2,0.6,1.0,0.4166666666666667,5,12
5399,0.4444444444444445,0.33333333333333337,-0.6666666666666666,0.16666666666666669,1.0,0.2857142857142857,4,14
5400,0.8333333333333333,0.7583333333333332,0.4,0.7,1.0,0.7142857142857143,5,7
5401,0.8333333333333333,0.7333333333333332,0.2,0.6,1.0,0.7142857142857143,5,7
5402,0.8571428571428571,0.72,-0.06666666666666667,0.4666666666666667,1.0,0.75,6,8
5403,0.7272727272727273,0.6545454545454545,0.3333333333333333,0.6666666666666666,1.0,0.5714285714285714,4,7
5404,0.6666666666666666,0.5666666666666667,0.0,0.5,1.0,0.5,5,10
5405,0.7692307692307693,0.6307692307692307,-0.2,0.4,1.0,0.625,5,8
5406,0.6153846153846153,0.5538461538461538,0.3333333333333333,0.6666666666666666,1.0,0.4444444444444444,4,9
5407,0.5714285714285715,0.5428571428571429,0.6666666666666666,0.8333333333333333,1.0,0.4,4,10
5408,0.5454545454545454,0.49090909090909085,0.3333333333333333,0.6666666666666666,1.0,0.375,3,8
5409,0.5,0.425,0.0,0.5,1.0,0.3333333333333333,4,12
5410,0.5882352941176471,0.5529411764705883,0.6,0.8,1.0,0.4166666666666667,5,12
5411,0.6153846153846153,0.523076923076923,0.0,0.5,1.0,0.4444444444444444,4,9
5412,0.7142857142857143,0.6499999999999999,0.4,0.7,1.0,0.5555555555555556,5,9
5413,0.6666666666666666,0.5266666666666666,-0.4,0.3,1.0,0.5,5,10
5414,0.6666666666666666,0.6066666666666666,0.4,0.7,1.0,0.5,5,10
5415,0.5555555555555556,0.45555555555555555,-0.2,0.4,1.0,0.38461538461538464,5,13
5416,0.47058823529411764,0.39999999999999997,0.0,0.5,1.0,0.3076923076923077,4,13
5417,0.47619047619047616,0.4333333333333333,0.4,0.7,1.0,0.3125,5,16
5418,0.5714285714285715,0.4571428571428572,-0.3333333333333333,0.33333333333333337,1.0,0.4,4,10
5419,0.6,0.45599999999999996,-0.6,0.2,1.0,0.42857142857142855,6,14
5420,0.7272727272727273,0.6181818181818182,0.0,0.5,1.0,0.5714285714285714,4,7
5421,0.923076923076923,0.8123076923076922,0.2,0.6,0.8571428571428571,1.0,7,6
5422,0.5,0.44999999999999996,0.3333333333333333,0.6666666666666666,1.0,0.3333333333333333,4,12
5423,0.6153846153846153,0.523076923076923,0.0,0.5,1.0,0.4444444444444444,4,9
5424,0.5882352941176471,0.5352941176470588,0.4,0.7,1.0,0.4166666666666667,5,12
5425,0.8333333333333333,0.8083333333333332,0.8,0.9,1.0,0.7142857142857143,5,7
5426,0.7058823529411764,0.5505882352941175,-0.4666666666666667,0.26666666666666666,1.0,0.5454545454545454,6,11
5427,0.6666666666666666,0.6066666666666666,0.4,0.7,1.0,0.5,5,10
5428,0.7272727272727273,0.6545454545454545,0.3333333333333333,0.6666666666666666,1.0,0.5714285714285714,4,7
5429,0.625,0.49374999999999997,-0.4,0.3,1.0,0.45454545454545453,5,11
5430,0.6153846153846153,0.5538461538461538,0.3333333333333333,0.6666666666666666,1.0,0.4444444444444444,4,9
5431,0.625,0.5499999999999999,0.2,0.6,1.0,0.45454545454545453,5,11
5432,0.33333333333333337,0.33333333333333337,1.0,1.0,0.2,1.0,5,1
5433,0.5882352941176471,0.4470588235294118,-0.6,0.2,1.0,0.4166666666666667,5,12
5434,0.7499999999999999,0.5849999999999999,-0.4666666666666667,0.26666666666666666,1.0,0.6,6,10
5435,0.5882352941176471,0.5882352941176471,1.0,1.0,1.0,0.4166666666666667,5,12
5436,0.7142857142857143,0.6071428571428571,0.0,0.5,1.0,0.5555555555555556,5,9
5437,0.5882352941176471,0.4823529411764706,-0.2,0.4,1.0,0.4166666666666667,5,12
5438,0.5555555555555556,0.5055555555555555,0.4,0.7,1.0,0.38461538461538464,5,13
5439,0.6153846153846153,0.5538461538461538,0.3333333333333333,0.6666666666666666,1.0,0.4444444444444444,4,9
5440,0.4210526315789474,0.35789473684210527,0.0,0.5,1.0,0.26666666666666666,4,15
5441,0.6666666666666666,0.5599999999999999,-0.06666666666666667,0.4666666666666667,1.0,0.5,6,12
5442,0.5333333333333333,0.4533333333333333,0.0,0.5,1.0,0.36363636363636365,4,11
5443,0.7142857142857143,0.6071428571428571,0.0,0.5,1.0,0.5555555555555556,5,9
5444,0.35294117647058826,0.2823529411764706,-0.3333333333333333,0.33333333333333337,1.0,0.21428571428571427,3,14
5445,0.7368421052631579,0.6421052631578946,0.14285714285714285,0.5714285714285714,1.0,0.5833333333333334,7,12
5446,0.7692307692307693,0.6538461538461539,0.0,0.5,1.0,0.625,5,8
5447,0.4,0.36,0.3333333333333333,0.6666666666666666,1.0,0.25,3,12
5448,0.7499999999999999,0.6599999999999998,0.2,0.6,1.0,0.6,6,10
5449,0.7777777777777778,0.6444444444444444,-0.14285714285714285,0.4285714285714286,1.0,0.6363636363636364,7,11
5450,0.47058823529411764,0.3529411764705882,-0.6666666666666666,0.16666666666666669,1.0,0.3076923076923077,4,13
5451,0.6666666666666666,0.6333333333333333,0.6666666666666666,0.8333333333333333,1.0,0.5,4,8
5452,0.5882352941176471,0.4823529411764706,-0.2,0.4,1.0,0.4166666666666667,5,12
5453,0.6153846153846153,0.4923076923076922,-0.3333333333333333,0.33333333333333337,1.0,0.4444444444444444,4,9
5454,0.6666666666666666,0.6066666666666666,0.4,0.7,1.0,0.5,5,10
5455,0.5,0.41,-0.2,0.4,1.0,0.3333333333333333,5,15
5456,0.7272727272727273,0.6181818181818182,0.0,0.5,1.0,0.5714285714285714,4,7
5457,1.0,0.9099999999999999,0.4,0.7,1.0,1.0,5,5
5458,0.6153846153846153,0.5538461538461538,0.3333333333333333,0.6666666666666666,1.0,0.4444444444444444,4,9
5459,0.5,0.43999999999999995,0.2,0.6,1.0,0.3333333333333333,5,15
5460,0.47058823529411764,0.37647058823529406,-0.3333333333333333,0.33333333333333337,1.0,0.3076923076923077,4,13
5461,0.7777777777777778,0.7333333333333333,0.6190476190476191,0.8095238095238095,1.0,0.6363636363636364,7,11
5462,0.9090909090909091,0.7727272727272727,0.0,0.5,1.0,0.8333333333333334,5,6
5463,0.8,0.704,0.2,0.6,1.0,0.6666666666666666,6,9
5464,0.7142857142857143,0.6071428571428571,0.0,0.5,1.0,0.5555555555555556,5,9
5465,0.8333333333333333,0.7833333333333332,0.6,0.8,1.0,0.7142857142857143,5,7
5466,1.0,0.84,-0.06666666666666667,0.4666666666666667,1.0,1.0,6,6
5467,0.631578947368421,0.5810526315789473,0.4666666666666667,0.7333333333333334,1.0,0.46153846153846156,6,13
5468,0.6666666666666666,0.5666666666666667,0.0,0.5,1.0,0.5,4,8
5469,0.5882352941176471,0.5352941176470588,0.4,0.7,1.0,0.4166666666666667,5,12
5470,0.5882352941176471,0.4823529411764706,-0.2,0.4,1.0,0.4166666666666667,5,12
5471,0.9333333333333333,0.8133333333333332,0.14285714285714285,0.5714285714285714,1.0,0.875,7,8
5472,0.7272727272727273,0.5454545454545454,-0.6666666666666666,0.16666666666666669,1.0,0.5714285714285714,4,7
5473,0.8333333333333333,0.7833333333333332,0.6,0.8,1.0,0.7142857142857143,5,7
5474,0.47058823529411764,0.47058823529411764,1.0,1.0,1.0,0.3076923076923077,4,13
5475,0.8235294117647058,0.6352941176470587,-0.5238095238095238,0.23809523809523808,1.0,0.7,7,10
5476,0.5714285714285715,0.5428571428571429,0.6666666666666666,0.8333333333333333,1.0,0.4,4,10
5477,0.5714285714285715,0.4914285714285715,0.06666666666666667,0.5333333333333333,1.0,0.4,6,15
5478,0.9411764705882353,0.8302521008403361,0.21428571428571427,0.6071428571428571,0.8888888888888888,1.0,9,8
5479,0.5,0.43999999999999995,0.2,0.6,1.0,0.3333333333333333,5,15
5480,0.6666666666666666,0.5466666666666666,-0.2,0.4,1.0,0.5,5,10
5481,0.6666666666666666,0.6399999999999999,0.7333333333333333,0.8666666666666667,1.0,0.5,6,12
5482,0.5555555555555556,0.45555555555555555,-0.2,0.4,1.0,0.38461538461538464,5,13
5483,1.0,0.95,0.6666666666666666,0.8333333333333333,1.0,1.0,4,4
5484,0.7142857142857143,0.6285714285714286,0.2,0.6,1.0,0.5555555555555556,5,9
5485,0.7272727272727273,0.6545454545454545,0.3333333333333333,0.6666666666666666,1.0,0.5714285714285714,4,7
5486,0.7368421052631579,0.6947368421052631,0.6190476190476191,0.8095238095238095,1.0,0.5833333333333334,7,12
5487,0.7272727272727273,0.7272727272727273,1.0,1.0,1.0,0.5714285714285714,4,7
5488,0.7272727272727273,0.5818181818181818,-0.3333333333333333,0.33333333333333337,1.0,0.5714285714285714,4,7
5489,0.6666666666666666,0.5666666666666667,0.0,0.5,1.0,0.5,4,8
5490,0.6363636363636364,0.5727272727272726,0.3333333333333333,0.6666666666666666,1.0,0.4666666666666667,7,15
5491,0.5333333333333333,0.5066666666666666,0.6666666666666666,0.8333333333333333,1.0,0.36363636363636365,4,11
5492,0.5882352941176471,0.5705882352941176,0.8,0.9,1.0,0.4166666666666667,5,12
5493,0.8,0.704,0.2,0.6,1.0,0.6666666666666666,6,9
5494,0.7777777777777778,0.6555555555555554,-0.047619047619047616,0.47619047619047616,1.0,0.6363636363636364,7,11
5495,0.923076923076923,0.8123076923076922,0.2,0.6,1.0,0.8571428571428571,6,7
5496,0.923076923076923,0.7938461538461538,0.06666666666666667,0.5333333333333333,1.0,0.8571428571428571,6,7
5497,0.5714285714285715,0.4571428571428572,-0.3333333333333333,0.33333333333333337,1.0,0.4,4,10
5498,0.6666666666666666,0.5866666666666666,0.2,0.6,1.0,0.5,5,10
5499,0.5714285714285715,0.5142857142857143,0.3333333333333333,0.6666666666666666,1.0,0.4,4,10
5500,0.4347826086956522,0.4217391304347826,0.8,0.9,1.0,0.2777777777777778,5,18
5501,0.5333333333333333,0.4799999999999999,0.3333333333333333,0.6666666666666666,1.0,0.36363636363636365,4,11
5502,0.625,0.60625,0.8,0.9,1.0,0.45454545454545453,5,11
5503,0.5263157894736842,0.431578947368421,-0.2,0.4,1.0,0.35714285714285715,5,14
5504,0.7777777777777778,0.7333333333333333,0.6190476190476191,0.8095238095238095,1.0,0.6363636363636364,7,11
5505,0.5833333333333334,0.5333333333333333,0.42857142857142855,0.7142857142857143,1.0,0.4117647058823529,7,17
5506,0.9090909090909091,0.7181818181818181,-0.4,0.3,1.0,0.8333333333333334,5,6
5507,0.47058823529411764,0.39999999999999997,0.0,0.5,1.0,0.3076923076923077,4,13
5508,0.4,0.36,0.3333333333333333,0.6666666666666666,1.0,0.25,3,12
5509,0.7142857142857143,0.6499999999999999,0.4,0.7,1.0,0.5555555555555556,5,9
5510,0.5555555555555556,0.5222222222222223,0.6,0.8,1.0,0.38461538461538464,5,13
5511,0.5,0.475,0.6666666666666666,0.8333333333333333,1.0,0.3333333333333333,4,12
5512,0.42857142857142855,0.3,-1.0,0.0,1.0,0.2727272727272727,3,11
5513,0.42857142857142855,0.3,-1.0,0.0,1.0,0.2727272727272727,3,11
5514,0.8,0.64,-0.3333333333333333,0.33333333333333337,1.0,0.6666666666666666,4,6
5515,0.33333333333333337,0.33333333333333337,1.0,1.0,0.2,1.0,5,1
5516,0.42857142857142855,0.42857142857142855,1.0,1.0,1.0,0.2727272727272727,3,11
5517,0.7272727272727273,0.6909090909090909,0.6666666666666666,0.8333333333333333,1.0,0.5714285714285714,4,7
5518,0.4,0.4,1.0,1.0,0.25,1.0,4,1
5519,0.8333333333333333,0.7083333333333333,0.0,0.5,1.0,0.7142857142857143,5,7
5520,0.8333333333333333,0.7833333333333332,0.6,0.8,1.0,0.7142857142857143,5,7
5521,0.4,0.4,1.0,1.0,0.25,1.0,4,1
5522,0.7692307692307693,0.6307692307692307,-0.2,0.4,1.0,0.625,5,8
5523,0.7272727272727273,0.6181818181818182,0.0,0.5,1.0,0.5714285714285714,4,7
5524,0.6666666666666666,0.5666666666666667,0.0,0.5,1.0,0.5,5,10
5525,0.6666666666666666,0.5866666666666666,0.2,0.6,1.0,0.5,5,10
5526,0.8,0.72,0.3333333333333333,0.6666666666666666,1.0,0.6666666666666666,4,6
5527,0.4210526315789474,0.37894736842105264,0.3333333333333333,0.6666666666666666,1.0,0.26666666666666666,4,15
5528,0.7692307692307693,0.6538461538461539,0.0,0.5,1.0,0.625,5,8
5529,0.8,0.68,0.0,0.5,1.0,0.6666666666666666,4,6
5530,0.6666666666666666,0.6266666666666666,0.6,0.8,1.0,0.5,5,10
5531,0.8,0.736,0.4666666666666667,0.7333333333333334,1.0,0.6666666666666666,6,9
5532,0.5,0.39999999999999997,-0.3333333333333333,0.33333333333333337,1.0,0.3333333333333333,4,12
5533,0.6666666666666666,0.5428571428571428,-0.23809523809523808,0.38095238095238093,1.0,0.5,7,14
5534,0.6666666666666666,0.5666666666666667,0.0,0.5,1.0,0.5,5,10
5535,0.8,0.64,-0.3333333333333333,0.33333333333333337,1.0,0.6666666666666666,4,6
5536,0.8333333333333333,0.7083333333333333,0.0,0.5,1.0,0.7142857142857143,5,7
5537,0.8,0.76,0.6666666666666666,0.8333333333333333,1.0,0.6666666666666666,4,6
5538,0.5,0.425,0.0,0.5,1.0,0.3333333333333333,4,12
5539,0.47058823529411764,0.47058823529411764,1.0,1.0,1.0,0.3076923076923077,4,13
5540,0.8333333333333333,0.6583333333333332,-0.4,0.3,1.0,0.7142857142857143,5,7
5541,0.7692307692307693,0.6769230769230768,0.2,0.6,1.0,0.625,5,8
5542,0.7272727272727273,0.6181818181818182,0.0,0.5,1.0,0.5714285714285714,4,7
5543,0.8,0.704,0.2,0.6,0.6666666666666666,1.0,9,6
5544,0.8,0.64,-0.3333333333333333,0.33333333333333337,1.0,0.6666666666666666,4,6
5545,0.631578947368421,0.5431578947368421,0.06666666666666667,0.5333333333333333,1.0,0.46153846153846156,6,13
5546,0.6153846153846153,0.46153846153846145,-0.6666666666666666,0.16666666666666669,1.0,0.4444444444444444,4,9
5547,0.5882352941176471,0.4823529411764706,-0.2,0.4,1.0,0.4166666666666667,5,12
5548,0.9333333333333333,0.84,0.3333333333333333,0.6666666666666666,1.0,0.875,7,8
5549,0.47058823529411764,0.4235294117647058,0.3333333333333333,0.6666666666666666,1.0,0.3076923076923077,4,13
5550,0.5882352941176471,0.5529411764705883,0.6,0.8,1.0,0.4166666666666667,5,12
5551,0.7499999999999999,0.7049999999999998,0.6,0.8,1.0,0.6,6,10
5552,0.7058823529411764,0.5788235294117646,-0.2,0.4,1.0,0.5454545454545454,6,11
5553,0.5333333333333333,0.4799999999999999,0.3333333333333333,0.6666666666666666,1.0,0.36363636363636365,4,11
5554,0.7142857142857143,0.6285714285714286,0.2,0.6,1.0,0.5555555555555556,5,9
5555,0.7692307692307693,0.6076923076923076,-0.4,0.3,1.0,0.625,5,8
5556,0.6666666666666666,0.5866666666666666,0.2,0.6,1.0,0.5,5,10
5557,0.7499999999999999,0.6599999999999998,0.2,0.6,1.0,0.6,6,10
5558,0.6153846153846153,0.523076923076923,0.0,0.5,1.0,0.4444444444444444,4,9
5559,0.5555555555555556,0.5055555555555555,0.4,0.7,1.0,0.38461538461538464,5,13
5560,0.5,0.44999999999999996,0.3333333333333333,0.6666666666666666,1.0,0.3333333333333333,4,12
5561,0.5555555555555556,0.4722222222222222,0.0,0.5,1.0,0.38461538461538464,5,13
5562,0.631578947368421,0.5936842105263157,0.6,0.8,1.0,0.46153846153846156,6,13
5563,0.888888888888889,0.6666666666666667,-0.6666666666666666,0.16666666666666669,1.0,0.8,4,5
5564,0.5,0.375,-0.6666666666666666,0.16666666666666669,1.0,0.3333333333333333,4,12
5565,0.5714285714285715,0.5257142857142858,0.4666666666666667,0.7333333333333334,1.0,0.4,6,15
5566,0.6956521739130436,0.5763975155279504,-0.14285714285714285,0.4285714285714286,1.0,0.5333333333333333,8,15
5567,0.8235294117647058,0.776470588235294,0.6190476190476191,0.8095238095238095,1.0,0.7,7,10
5568,0.7142857142857143,0.6071428571428571,0.0,0.5,1.0,0.5555555555555556,5,9
5569,0.9090909090909091,0.7999999999999998,0.2,0.6,1.0,0.8333333333333334,5,6
5570,0.8,0.76,0.6666666666666666,0.8333333333333333,1.0,0.6666666666666666,4,6
5571,0.8,0.704,0.2,0.6,1.0,0.6666666666666666,6,9
5572,0.5714285714285715,0.5142857142857143,0.3333333333333333,0.6666666666666666,1.0,0.4,4,10
5573,0.6666666666666666,0.4666666666666666,-1.0,0.0,1.0,0.5,4,8
5574,0.923076923076923,0.8123076923076922,0.2,0.6,1.0,0.8571428571428571,6,7
5575,0.8,0.6000000000000001,-0.6666666666666666,0.16666666666666669,1.0,0.6666666666666666,4,6
5576,0.5555555555555556,0.4388888888888889,-0.4,0.3,1.0,0.38461538461538464,5,13
5577,0.4210526315789474,0.4,0.6666666666666666,0.8333333333333333,1.0,0.26666666666666666,4,15
5578,1.0,0.97,0.8,0.9,1.0,1.0,5,5
5579,0.5,0.475,0.6666666666666666,0.8333333333333333,1.0,0.3333333333333333,4,12
5580,0.7692307692307693,0.7230769230769231,0.6,0.8,1.0,0.625,5,8
5581,0.5,0.39999999999999997,-0.3333333333333333,0.33333333333333337,1.0,0.3333333333333333,4,12
5582,0.7142857142857143,0.5642857142857143,-0.4,0.3,1.0,0.5555555555555556,5,9
5583,0.5,0.39999999999999997,-0.3333333333333333,0.33333333333333337,1.0,0.3333333333333333,4,12
5584,0.5263157894736842,0.4473684210526315,0.0,0.5,1.0,0.35714285714285715,5,14
5585,0.5714285714285715,0.5428571428571429,0.6666666666666666,0.8333333333333333,1.0,0.4,4,10
5586,0.7142857142857143,0.7142857142857143,1.0,1.0,1.0,0.5555555555555556,5,9
5587,0.888888888888889,0.7999999999999999,0.3333333333333333,0.6666666666666666,1.0,0.8,4,5
5588,0.6666666666666666,0.5999999999999999,0.3333333333333333,0.6666666666666666,1.0,0.5,3,6
5589,0.625,0.5499999999999999,0.2,0.6,1.0,0.45454545454545453,5,11
5590,0.5882352941176471,0.5,0.0,0.5,1.0,0.4166666666666667,5,12
5591,0.7142857142857143,0.6714285714285714,0.6,0.8,1.0,0.5555555555555556,5,9
5592,0.5333333333333333,0.5333333333333333,1.0,1.0,1.0,0.36363636363636365,4,11
5593,0.4615384615384615,0.3692307692307692,-0.3333333333333333,0.33333333333333337,1.0,0.3,3,10
5594,0.7777777777777778,0.6888888888888889,0.23809523809523808,0.6190476190476191,1.0,0.6363636363636364,7,11
5595,0.4444444444444445,0.35555555555555557,-0.3333333333333333,0.33333333333333337,1.0,0.2857142857142857,4,14
5596,0.625,0.5499999999999999,0.2,0.6,1.0,0.45454545454545453,5,11
5597,0.7272727272727273,0.6545454545454545,0.3333333333333333,0.6666666666666666,1.0,0.5714285714285714,4,7
5598,0.782608695652174,0.7043478260869565,0.3333333333333333,0.6666666666666666,1.0,0.6428571428571429,9,14
5599,0.6153846153846153,0.523076923076923,0.0,0.5,1.0,0.4444444444444444,4,9
5600,0.6666666666666666,0.5666666666666667,0.0,0.5,1.0,0.5,5,10
5601,0.5714285714285715,0.5142857142857143,0.3333333333333333,0.6666666666666666,1.0,0.4,4,10
5602,0.6666666666666666,0.5,-0.6666666666666666,0.16666666666666669,1.0,0.5,4,8
5603,0.7142857142857143,0.6285714285714286,0.2,0.6,1.0,0.5555555555555556,5,9
5604,0.625,0.53125,0.0,0.5,1.0,0.45454545454545453,5,11
5605,0.9333333333333333,0.8666666666666666,0.5238095238095238,0.7619047619047619,1.0,0.875,7,8
5606,0.7272727272727273,0.6545454545454545,0.3333333333333333,0.6666666666666666,1.0,0.5714285714285714,4,7
5607,0.5333333333333333,0.4799999999999999,0.3333333333333333,0.6666666666666666,1.0,0.36363636363636365,4,11
5608,0.7499999999999999,0.6149999999999999,-0.2,0.4,1.0,0.6,6,10
5609,0.5882352941176471,0.5352941176470588,0.4,0.7,1.0,0.4166666666666667,5,12
5610,0.5,0.44999999999999996,0.3333333333333333,0.6666666666666666,1.0,0.3333333333333333,4,12
5611,0.7499999999999999,0.7499999999999999,1.0,1.0,1.0,0.6,3,5
5612,0.6666666666666666,0.5333333333333332,-0.3333333333333333,0.33333333333333337,1.0,0.5,4,8
5613,0.7142857142857143,0.6714285714285714,0.6,0.8,1.0,0.5555555555555556,5,9
5614,0.5,0.5,1.0,1.0,1.0,0.3333333333333333,4,12
5615,1.0,0.8857142857142857,0.23809523809523808,0.6190476190476191,1.0,1.0,7,7
5616,0.5882352941176471,0.4823529411764706,-0.2,0.4,1.0,0.4166666666666667,5,12
5617,0.9090909090909091,0.6909090909090909,-0.6,0.2,1.0,0.8333333333333334,5,6
5618,0.6666666666666666,0.6333333333333333,0.6666666666666666,0.8333333333333333,1.0,0.5,4,8
5619,0.625,0.5874999999999999,0.6,0.8,1.0,0.45454545454545453,5,11
5620,0.4615384615384615,0.4615384615384615,1.0,1.0,1.0,0.3,3,10
5621,0.4444444444444445,0.39999999999999997,0.3333333333333333,0.6666666666666666,1.0,0.2857142857142857,4,14
5622,0.33333333333333337,0.33333333333333337,1.0,1.0,0.2,1.0,5,1
5623,0.5263157894736842,0.47894736842105257,0.4,0.7,1.0,0.35714285714285715,5,14
5624,0.7272727272727273,0.6181818181818182,0.0,0.5,1.0,0.5714285714285714,4,7
5625,0.5,0.425,0.0,0.5,1.0,0.3333333333333333,5,15
5626,0.47058823529411764,0.3529411764705882,-0.6666666666666666,0.16666666666666669,1.0,0.3076923076923077,4,13
5627,0.8333333333333333,0.7333333333333332,0.2,0.6,1.0,0.7142857142857143,5,7
5628,0.9090909090909091,0.7999999999999998,0.2,0.6,1.0,0.8333333333333334,5,6
5629,0.888888888888889,0.8444444444444444,0.6666666666666666,0.8333333333333333,1.0,0.8,4,5
5630,0.5555555555555556,0.4722222222222222,0.0,0.5,1.0,0.38461538461538464,5,13
5631,0.6666666666666666,0.5733333333333333,0.06666666666666667,0.5333333333333333,1.0,0.5,6,12
5632,0.5,0.425,0.0,0.5,1.0,0.3333333333333333,4,12
5633,0.6666666666666666,0.5809523809523809,0.14285714285714285,0.5714285714285714,1.0,0.5,7,14
5634,0.6153846153846153,0.523076923076923,0.0,0.5,1.0,0.4444444444444444,4,9
5635,0.7692307692307693,0.6769230769230768,0.2,0.6,1.0,0.625,5,8
5636,0.6666666666666666,0.6333333333333333,0.6666666666666666,0.8333333333333333,1.0,0.5,4,8
5637,0.6666666666666666,0.5333333333333332,-0.3333333333333333,0.33333333333333337,1.0,0.5,4,8
5638,0.8333333333333333,0.7083333333333333,0.0,0.5,1.0,0.7142857142857143,5,7
5639,0.5714285714285715,0.5142857142857143,0.3333333333333333,0.6666666666666666,1.0,0.4,4,10
5640,0.6666666666666666,0.5,-0.6666666666666666,0.16666666666666669,1.0,0.5,4,8
5641,0.5714285714285715,0.48571428571428577,0.0,0.5,1.0,0.4,4,10
5642,0.6666666666666666,0.5999999999999999,0.3333333333333333,0.6666666666666666,1.0,0.5,4,8
5643,0.6666666666666666,0.5333333333333332,-0.3333333333333333,0.33333333333333337,1.0,0.5,3,6
5644,0.6666666666666666,0.5466666666666666,-0.2,0.4,1.0,0.5,6,12
5645,0.5555555555555556,0.4722222222222222,0.0,0.5,1.0,0.38461538461538464,5,13
5646,0.5333333333333333,0.4533333333333333,0.0,0.5,1.0,0.36363636363636365,4,11
5647,0.5714285714285715,0.5485714285714286,0.7333333333333333,0.8666666666666667,1.0,0.4,6,15
5648,0.9090909090909091,0.8272727272727272,0.4,0.7,1.0,0.8333333333333334,5,6
5649,0.8,0.72,0.3333333333333333,0.6666666666666666,1.0,0.6666666666666666,4,6
5650,0.8571428571428571,0.7542857142857141,0.2,0.6,1.0,0.75,6,8
5651,0.625,0.53125,0.0,0.5,1.0,0.45454545454545453,5,11
5652,0.6153846153846153,0.5538461538461538,0.3333333333333333,0.6666666666666666,1.0,0.4444444444444444,4,9
5653,0.5,0.475,0.6666666666666666,0.8333333333333333,1.0,0.3333333333333333,4,12
5654,0.5555555555555556,0.45555555555555555,-0.2,0.4,1.0,0.38461538461538464,5,13
5655,0.5555555555555556,0.45555555555555555,-0.2,0.4,1.0,0.38461538461538464,5,13
5656,0.5,0.5,1.0,1.0,1.0,0.3333333333333333,5,15
5657,0.888888888888889,0.6666666666666667,-0.6666666666666666,0.16666666666666669,1.0,0.8,4,5
5658,0.923076923076923,0.8307692307692306,0.3333333333333333,0.6666666666666666,1.0,0.8571428571428571,6,7
5659,0.8571428571428571,0.7371428571428571,0.06666666666666667,0.5333333333333333,1.0,0.75,6,8
5660,0.5555555555555556,0.4722222222222222,0.0,0.5,1.0,0.38461538461538464,5,13
5661,0.33333333333333337,0.33333333333333337,1.0,1.0,0.2,1.0,5,1
5662,0.7058823529411764,0.6635294117647058,0.6,0.8,1.0,0.5454545454545454,6,11
5663,0.5882352941176471,0.5176470588235293,0.2,0.6,1.0,0.4166666666666667,5,12
5664,0.7142857142857143,0.7142857142857143,1.0,1.0,1.0,0.5555555555555556,5,9
5665,0.631578947368421,0.6063157894736841,0.7333333333333333,0.8666666666666667,1.0,0.46153846153846156,6,13
5666,0.5333333333333333,0.4533333333333333,0.0,0.5,1.0,0.36363636363636365,4,11
5667,0.9090909090909091,0.7727272727272727,0.0,0.5,1.0,0.8333333333333334,5,6
5668,0.5,0.44999999999999996,0.3333333333333333,0.6666666666666666,1.0,0.3333333333333333,4,12
5669,0.7692307692307693,0.7,0.4,0.7,1.0,0.625,5,8
5670,0.6666666666666666,0.5666666666666667,0.0,0.5,1.0,0.5,5,10
5671,0.4210526315789474,0.3368421052631579,-0.3333333333333333,0.33333333333333337,1.0,0.26666666666666666,4,15
5672,0.7499999999999999,0.7049999999999998,0.6,0.8,1.0,0.6,6,10
5673,0.7368421052631579,0.6421052631578946,0.14285714285714285,0.5714285714285714,1.0,0.5833333333333334,7,12
5674,0.5,0.39999999999999997,-0.3333333333333333,0.33333333333333337,1.0,0.3333333333333333,3,9
5675,0.4210526315789474,0.3368421052631579,-0.3333333333333333,0.33333333333333337,1.0,0.26666666666666666,4,15
5676,1.0,0.8285714285714285,-0.14285714285714285,0.4285714285714286,1.0,1.0,8,8
5677,0.7692307692307693,0.6307692307692307,-0.2,0.4,1.0,0.625,5,8
5678,0.5263157894736842,0.46315789473684205,0.2,0.6,1.0,0.35714285714285715,5,14
5679,0.5555555555555556,0.5222222222222223,0.6,0.8,1.0,0.38461538461538464,5,13
5680,0.5,0.425,0.0,0.5,1.0,0.3333333333333333,4,12
5681,0.5714285714285715,0.5714285714285715,1.0,1.0,1.0,0.4,4,10
5682,0.5714285714285715,0.5142857142857143,0.3333333333333333,0.6666666666666666,1.0,0.4,4,10
5683,1.0,0.8799999999999999,0.2,0.6,1.0,1.0,6,6
5684,0.6,0.4799999999999999,-0.3333333333333333,0.33333333333333337,1.0,0.42857142857142855,3,7
5685,0.5714285714285715,0.5714285714285715,1.0,1.0,1.0,0.4,4,10
5686,0.7272727272727273,0.7272727272727273,1.0,1.0,1.0,0.5714285714285714,4,7
5687,0.8,0.72,0.3333333333333333,0.6666666666666666,1.0,0.6666666666666666,6,9
5688,0.5,0.425,0.0,0.5,1.0,0.3333333333333333,4,12
5689,0.4210526315789474,0.35789473684210527,0.0,0.5,1.0,0.26666666666666666,4,15
5690,0.5454545454545454,0.4799999999999999,0.2,0.6,1.0,0.375,6,16
5691,0.47619047619047616,0.3904761904761904,-0.2,0.4,1.0,0.3125,5,16
5692,0.5263157894736842,0.47894736842105257,0.4,0.7,1.0,0.35714285714285715,5,14
5693,0.6666666666666666,0.5,-0.6666666666666666,0.16666666666666669,1.0,0.5,4,8
5694,0.5,0.5,1.0,1.0,1.0,0.3333333333333333,3,9
5695,0.5555555555555556,0.5388888888888889,0.8,0.9,1.0,0.38461538461538464,5,13
5696,0.6666666666666666,0.5999999999999999,0.3333333333333333,0.6666666666666666,1.0,0.5,3,6
5697,0.4,0.4,1.0,1.0,0.25,1.0,4,1
5698,0.7142857142857143,0.5857142857142857,-0.2,0.4,1.0,0.5555555555555556,5,9
5699,0.7272727272727273,0.6909090909090909,0.6666666666666666,0.8333333333333333,1.0,0.5714285714285714,4,7
5700,0.5555555555555556,0.5222222222222223,0.6,0.8,1.0,0.38461538461538464,5,13
5701,0.5,0.45499999999999996,0.4,0.7,1.0,0.3333333333333333,5,15
5702,0.7142857142857143,0.5857142857142857,-0.2,0.4,1.0,0.5555555555555556,5,9
5703,0.4,0.4,1.0,1.0,0.25,1.0,4,1
5704,0.7692307692307693,0.6769230769230768,0.2,0.6,1.0,0.625,5,8
5705,0.5,0.44999999999999996,0.3333333333333333,0.6666666666666666,1.0,0.3333333333333333,4,12
5706,0.625,0.5125,-0.2,0.4,1.0,0.45454545454545453,5,11
5707,0.6,0.5399999999999999,0.3333333333333333,0.6666666666666666,1.0,0.42857142857142855,3,7
5708,0.625,0.49374999999999997,-0.4,0.3,1.0,0.45454545454545453,5,11
5709,1.0,0.7999999999999999,-0.3333333333333333,0.33333333333333337,1.0,1.0,7,7
5710,0.7058823529411764,0.6352941176470587,0.3333333333333333,0.6666666666666666,1.0,0.5454545454545454,6,11
5711,0.9090909090909091,0.7454545454545454,-0.2,0.4,1.0,0.8333333333333334,5,6
5712,0.6153846153846153,0.46153846153846145,-0.6666666666666666,0.16666666666666669,1.0,0.4444444444444444,4,9
5713,0.5882352941176471,0.5705882352941176,0.8,0.9,1.0,0.4166666666666667,5,12
5714,0.7692307692307693,0.6538461538461539,0.0,0.5,1.0,0.625,5,8
5715,0.7777777777777778,0.6666666666666666,0.047619047619047616,0.5238095238095238,1.0,0.6363636363636364,7,11
5716,0.6666666666666666,0.5666666666666667,0.0,0.5,1.0,0.5,4,8
5717,0.47058823529411764,0.3529411764705882,-0.6666666666666666,0.16666666666666669,1.0,0.3076923076923077,4,13
5718,0.4444444444444445,0.4222222222222222,0.6666666666666666,0.8333333333333333,1.0,0.2857142857142857,4,14
5719,0.6,0.49199999999999994,-0.2,0.4,1.0,0.42857142857142855,6,14
5720,0.6666666666666666,0.5333333333333332,-0.3333333333333333,0.33333333333333337,1.0,0.5,3,6
5721,0.5333333333333333,0.4533333333333333,0.0,0.5,1.0,0.36363636363636365,4,11
5722,0.8333333333333333,0.8333333333333333,1.0,1.0,0.7142857142857143,1.0,7,5
5723,0.9411764705882353,0.8201680672268906,0.14285714285714285,0.5714285714285714,1.0,0.8888888888888888,8,9
5724,0.6666666666666666,0.5,-0.6666666666666666,0.16666666666666669,1.0,0.5,4,8
5725,0.7272727272727273,0.5818181818181818,-0.3333333333333333,0.33333333333333337,1.0,0.5714285714285714,4,7
5726,0.6666666666666666,0.6095238095238095,0.42857142857142855,0.7142857142857143,1.0,0.5,7,14
5727,0.5333333333333333,0.4799999999999999,0.3333333333333333,0.6666666666666666,1.0,0.36363636363636365,4,11
5728,0.625,0.49374999999999997,-0.4,0.3,1.0,0.45454545454545453,5,11
5729,0.6666666666666666,0.5714285714285714,0.047619047619047616,0.5238095238095238,1.0,0.5,7,14
5730,0.7368421052631579,0.6105263157894736,-0.14285714285714285,0.4285714285714286,1.0,0.5833333333333334,7,12
5731,0.5,0.44999999999999996,0.3333333333333333,0.6666666666666666,1.0,0.3333333333333333,4,12
5732,0.8333333333333333,0.6333333333333333,-0.6,0.2,1.0,0.7142857142857143,5,7
5733,0.5333333333333333,0.4799999999999999,0.3333333333333333,0.6666666666666666,1.0,0.36363636363636365,4,11
5734,0.6956521739130436,0.6658385093167702,0.7142857142857143,0.8571428571428572,1.0,0.5333333333333333,8,15
5735,0.6666666666666666,0.619047619047619,0.5238095238095238,0.7619047619047619,1.0,0.5,7,14
5736,0.5882352941176471,0.5176470588235293,0.2,0.6,1.0,0.4166666666666667,5,12
5737,0.8,0.768,0.7333333333333333,0.8666666666666667,1.0,0.6666666666666666,6,9
5738,0.5714285714285715,0.4571428571428572,-0.3333333333333333,0.33333333333333337,1.0,0.4,4,10
5739,0.5714285714285715,0.5714285714285715,1.0,1.0,1.0,0.4,4,10
5740,1.0,0.97,0.8,0.9,1.0,1.0,5,5
5741,0.5714285714285715,0.4285714285714286,-0.6666666666666666,0.16666666666666669,1.0,0.4,4,10
5742,0.7692307692307693,0.6769230769230768,0.2,0.6,1.0,0.625,5,8
5743,0.9090909090909091,0.7999999999999998,0.2,0.6,1.0,0.8333333333333334,5,6
5744,0.631578947368421,0.5684210526315788,0.3333333333333333,0.6666666666666666,1.0,0.46153846153846156,6,13
5745,0.5263157894736842,0.4947368421052631,0.6,0.8,1.0,0.35714285714285715,5,14
5746,0.5555555555555556,0.4722222222222222,0.0,0.5,1.0,0.38461538461538464,5,13
5747,0.5882352941176471,0.5529411764705883,0.6,0.8,1.0,0.4166666666666667,5,12
5748,0.7142857142857143,0.6714285714285714,0.6,0.8,1.0,0.5555555555555556,5,9
5749,0.7272727272727273,0.6181818181818182,0.0,0.5,1.0,0.5714285714285714,4,7
5750,0.5263157894736842,0.47894736842105257,0.4,0.7,1.0,0.35714285714285715,5,14
5751,0.42857142857142855,0.42857142857142855,1.0,1.0,1.0,0.2727272727272727,3,11
5752,0.6666666666666666,0.6266666666666666,0.6,0.8,1.0,0.5,6,12
5753,1.0,0.94,0.6,0.8,1.0,1.0,5,5
5754,0.761904761904762,0.6639455782312925,0.14285714285714285,0.5714285714285714,1.0,0.6153846153846154,8,13
5755,0.6666666666666666,0.6666666666666666,1.0,1.0,1.0,0.5,4,8
5756,0.4444444444444445,0.4444444444444445,1.0,1.0,1.0,0.2857142857142857,4,14
5757,0.5,0.38,-0.6,0.2,1.0,0.3333333333333333,5,15
5758,0.8,0.8,1.0,1.0,1.0,0.6666666666666666,4,6
5759,0.7499999999999999,0.6299999999999999,-0.06666666666666667,0.4666666666666667,1.0,0.6,6,10
5760,0.5714285714285715,0.5142857142857143,0.3333333333333333,0.6666666666666666,1.0,0.4,4,10
5761,0.47058823529411764,0.39999999999999997,0.0,0.5,1.0,0.3076923076923077,4,13
5762,0.5714285714285715,0.5142857142857143,0.3333333333333333,0.6666666666666666,1.0,0.4,4,10
5763,0.625,0.60625,0.8,0.9,1.0,0.45454545454545453,5,11
5764,0.6153846153846153,0.5846153846153845,0.6666666666666666,0.8333333333333333,1.0,0.4444444444444444,4,9
5765,0.6666666666666666,0.5999999999999999,0.3333333333333333,0.6666666666666666,1.0,0.5,4,8
5766,0.47058823529411764,0.44705882352941173,0.6666666666666666,0.8333333333333333,1.0,0.3076923076923077,4,13
5767,0.5714285714285715,0.4,-1.0,0.0,1.0,0.4,4,10
5768,0.33333333333333337,0.33333333333333337,1.0,1.0,0.2,1.0,5,1
5769,0.5555555555555556,0.5222222222222223,0.6,0.8,1.0,0.38461538461538464,5,13
5770,0.7692307692307693,0.6769230769230768,0.2,0.6,1.0,0.625,5,8
5771,0.625,0.53125,0.0,0.5,1.0,0.45454545454545453,5,11
5772,0.7142857142857143,0.5642857142857143,-0.4,0.3,1.0,0.5555555555555556,5,9
5773,0.5882352941176471,0.5176470588235293,0.2,0.6,1.0,0.4166666666666667,5,12
5774,0.7499999999999999,0.6899999999999998,0.4666666666666667,0.7333333333333334,1.0,0.6,6,10
5775,0.8235294117647058,0.7176470588235293,0.14285714285714285,0.5714285714285714,1.0,0.7,7,10
5776,0.7692307692307693,0.7692307692307693,1.0,1.0,1.0,0.625,5,8
5777,0.6666666666666666,0.5666666666666667,0.0,0.5,1.0,0.5,5,10
5778,0.5714285714285715,0.5428571428571429,0.6666666666666666,0.8333333333333333,1.0,0.4,4,10
5779,0.375,0.33749999999999997,0.3333333333333333,0.6666666666666666,1.0,0.23076923076923078,3,13
5780,0.8571428571428571,0.7542857142857141,0.2,0.6,1.0,0.75,6,8
5781,0.7272727272727273,0.509090909090909,-1.0,0.0,1.0,0.5714285714285714,4,7
5782,0.9090909090909091,0.7999999999999998,0.2,0.6,1.0,0.8333333333333334,5,6
5783,0.375,0.375,1.0,1.0,1.0,0.23076923076923078,3,13
5784,0.7692307692307693,0.7,0.4,0.7,1.0,0.625,5,8
5785,0.7272727272727273,0.7272727272727273,1.0,1.0,1.0,0.5714285714285714,4,7
5786,0.7000000000000001,0.6,0.047619047619047616,0.5238095238095238,1.0,0.5384615384615384,7,13
5787,0.9090909090909091,0.8545454545454545,0.6,0.8,1.0,0.8333333333333334,5,6
5788,0.631578947368421,0.5810526315789473,0.4666666666666667,0.7333333333333334,1.0,0.46153846153846156,6,13
5789,0.5555555555555556,0.5222222222222223,0.6,0.8,1.0,0.38461538461538464,5,13
5790,0.6153846153846153,0.5538461538461538,0.3333333333333333,0.6666666666666666,1.0,0.4444444444444444,4,9
5791,0.5,0.425,0.0,0.5,1.0,0.3333333333333333,4,12
5792,0.6666666666666666,0.5333333333333332,-0.3333333333333333,0.33333333333333337,1.0,0.5,6,12
5793,0.7499999999999999,0.6299999999999999,-0.06666666666666667,0.4666666666666667,1.0,0.6,6,10
5794,0.8571428571428571,0.7714285714285714,0.3333333333333333,0.6666666666666666,1.0,0.75,6,8
5795,0.5714285714285715,0.48571428571428577,0.0,0.5,1.0,0.4,4,10
5796,0.5263157894736842,0.46315789473684205,0.2,0.6,1.0,0.35714285714285715,5,14
5797,0.42857142857142855,0.3428571428571428,-0.3333333333333333,0.33333333333333337,1.0,0.2727272727272727,3,11
5798,0.7142857142857143,0.6285714285714286,0.2,0.6,1.0,0.5555555555555556,5,9
5799,0.8333333333333333,0.7333333333333332,0.2,0.6,0.7142857142857143,1.0,7,5
5800,0.5555555555555556,0.4722222222222222,0.0,0.5,1.0,0.38461538461538464,5,13
5801,0.6666666666666666,0.5466666666666666,-0.2,0.4,1.0,0.5,5,10
5802,0.5,0.41,-0.2,0.4,1.0,0.3333333333333333,5,15
5803,0.8333333333333333,0.7083333333333333,0.0,0.5,1.0,0.7142857142857143,5,7
5804,0.9090909090909091,0.6909090909090909,-0.6,0.2,1.0,0.8333333333333334,5,6
5805,0.7272727272727273,0.5818181818181818,-0.3333333333333333,0.33333333333333337,1.0,0.5714285714285714,4,7
5806,0.625,0.53125,0.0,0.5,1.0,0.45454545454545453,5,11
5807,0.625,0.49374999999999997,-0.4,0.3,1.0,0.45454545454545453,5,11
5808,0.5714285714285715,0.48571428571428577,0.0,0.5,1.0,0.4,4,10
5809,0.5,0.39999999999999997,-0.3333333333333333,0.33333333333333337,1.0,0.3333333333333333,3,9
5810,0.7777777777777778,0.6222222222222222,-0.3333333333333333,0.33333333333333337,1.0,0.6363636363636364,7,11
5811,0.7692307692307693,0.6769230769230768,0.2,0.6,1.0,0.625,5,8
5812,0.5,0.39999999999999997,-0.3333333333333333,0.33333333333333337,1.0,0.3333333333333333,4,12
5813,0.7142857142857143,0.6285714285714286,0.2,0.6,1.0,0.5555555555555556,5,9
5814,0.7142857142857143,0.6714285714285714,0.6,0.8,1.0,0.5555555555555556,5,9
5815,0.6,0.4799999999999999,-0.3333333333333333,0.33333333333333337,1.0,0.42857142857142855,3,7
5816,0.6666666666666666,0.5666666666666667,0.0,0.5,1.0,0.5,5,10
5817,0.625,0.56875,0.4,0.7,1.0,0.45454545454545453,5,11
5818,1.0,0.97,0.8,0.9,1.0,1.0,5,5
5819,0.625,0.5874999999999999,0.6,0.8,1.0,0.45454545454545453,5,11
5820,0.6666666666666666,0.6266666666666666,0.6,0.8,1.0,0.5,5,10
5821,0.5333333333333333,0.4533333333333333,0.0,0.5,1.0,0.36363636363636365,4,11
5822,0.4615384615384615,0.4615384615384615,1.0,1.0,1.0,0.3,3,10
5823,0.5,0.44999999999999996,0.3333333333333333,0.6666666666666666,1.0,0.3333333333333333,3,9
5824,0.6666666666666666,0.6666666666666666,1.0,1.0,1.0,0.5,4,8
5825,0.6153846153846153,0.6153846153846153,1.0,1.0,1.0,0.4444444444444444,4,9
5826,0.5454545454545454,0.4363636363636363,-0.3333333333333333,0.33333333333333337,1.0,0.375,3,8
5827,0.6,0.4799999999999999,-0.3333333333333333,0.33333333333333337,1.0,0.42857142857142855,3,7
5828,0.5714285714285715,0.5428571428571429,0.6666666666666666,0.8333333333333333,1.0,0.4,4,10
5829,0.625,0.5874999999999999,0.6,0.8,1.0,0.45454545454545453,5,11
5830,0.5,0.39999999999999997,-0.3333333333333333,0.33333333333333337,1.0,0.3333333333333333,3,9
5831,0.5714285714285715,0.5142857142857143,0.3333333333333333,0.6666666666666666,1.0,0.4,4,10
5832,0.5,0.39999999999999997,-0.3333333333333333,0.33333333333333337,1.0,0.3333333333333333,3,9
5833,0.5454545454545454,0.4363636363636363,-0.3333333333333333,0.33333333333333337,1.0,0.375,3,8
5834,0.5714285714285715,0.5142857142857143,0.3333333333333333,0.6666666666666666,1.0,0.4,4,10
5835,0.7142857142857143,0.6071428571428571,0.0,0.5,1.0,0.5555555555555556,5,9
5836,0.6666666666666666,0.5666666666666667,0.0,0.5,1.0,0.5,4,8
5837,0.6153846153846153,0.6153846153846153,1.0,1.0,1.0,0.4444444444444444,4,9
5838,0.6666666666666666,0.6066666666666666,0.4,0.7,1.0,0.5,5,10
5839,0.7142857142857143,0.6928571428571428,0.8,0.9,1.0,0.5555555555555556,5,9
5840,0.6153846153846153,0.6153846153846153,1.0,1.0,1.0,0.4444444444444444,4,9
5841,0.6153846153846153,0.5846153846153845,0.6666666666666666,0.8333333333333333,1.0,0.4444444444444444,4,9
5842,0.5454545454545454,0.49090909090909085,0.3333333333333333,0.6666666666666666,1.0,0.375,3,8
5843,0.6,0.4799999999999999,-0.3333333333333333,0.33333333333333337,1.0,0.42857142857142855,3,7
5844,0.5,0.44999999999999996,0.3333333333333333,0.6666666666666666,1.0,0.3333333333333333,3,9
5845,0.5,0.39999999999999997,-0.3333333333333333,0.33333333333333337,1.0,0.3333333333333333,3,9
5846,0.6666666666666666,0.6333333333333333,0.6666666666666666,0.8333333333333333,1.0,0.5,4,8
5847,0.6,0.42,-1.0,0.0,1.0,0.42857142857142855,3,7
5848,0.4615384615384615,0.4153846153846153,0.3333333333333333,0.6666666666666666,1.0,0.3,3,10
5849,0.5714285714285715,0.48571428571428577,0.0,0.5,1.0,0.4,4,10
5850,0.6153846153846153,0.523076923076923,0.0,0.5,1.0,0.4444444444444444,4,9
5851,0.6666666666666666,0.4666666666666666,-1.0,0.0,1.0,0.5,4,8
5852,0.4615384615384615,0.4153846153846153,0.3333333333333333,0.6666666666666666,1.0,0.3,3,10
5853,0.5454545454545454,0.4363636363636363,-0.3333333333333333,0.33333333333333337,1.0,0.375,3,8
5854,0.6153846153846153,0.523076923076923,0.0,0.5,1.0,0.4444444444444444,4,9
5855,0.6153846153846153,0.523076923076923,0.0,0.5,1.0,0.4444444444444444,4,9
5856,0.5454545454545454,0.49090909090909085,0.3333333333333333,0.6666666666666666,1.0,0.375,3,8
5857,0.42857142857142855,0.3857142857142857,0.3333333333333333,0.6666666666666666,1.0,0.2727272727272727,3,11
5858,0.6,0.42,-1.0,0.0,1.0,0.42857142857142855,3,7
5859,0.6666666666666666,0.5999999999999999,0.3333333333333333,0.6666666666666666,1.0,0.5,4,8
5860,0.6666666666666666,0.5999999999999999,0.3333333333333333,0.6666666666666666,1.0,0.5,4,8
5861,0.5454545454545454,0.3818181818181818,-1.0,0.0,1.0,0.375,3,8
5862,0.5,0.5,1.0,1.0,1.0,0.3333333333333333,3,9
5863,0.5454545454545454,0.49090909090909085,0.3333333333333333,0.6666666666666666,1.0,0.375,3,8
5864,0.7692307692307693,0.7,0.4,0.7,1.0,0.625,5,8
5865,0.6666666666666666,0.6333333333333333,0.6666666666666666,0.8333333333333333,1.0,0.5,4,8
5866,0.5,0.39999999999999997,-0.3333333333333333,0.33333333333333337,1.0,0.3333333333333333,3,9
5867,0.6666666666666666,0.5999999999999999,0.3333333333333333,0.6666666666666666,1.0,0.5,4,8
5868,0.6666666666666666,0.5333333333333332,-0.3333333333333333,0.33333333333333337,1.0,0.5,4,8
5869,0.6666666666666666,0.5666666666666667,0.0,0.5,1.0,0.5,4,8
5870,0.5,0.35,-1.0,0.0,1.0,0.3333333333333333,3,9
5871,0.5333333333333333,0.5066666666666666,0.6666666666666666,0.8333333333333333,1.0,0.36363636363636365,4,11
5872,0.6,0.6,1.0,1.0,1.0,0.42857142857142855,3,7
5873,0.5454545454545454,0.5454545454545454,1.0,1.0,1.0,0.375,3,8
5874,0.6666666666666666,0.5666666666666667,0.0,0.5,1.0,0.5,4,8
5875,0.5714285714285715,0.5714285714285715,1.0,1.0,1.0,0.4,4,10
5876,0.5454545454545454,0.4363636363636363,-0.3333333333333333,0.33333333333333337,1.0,0.375,3,8
5877,0.6666666666666666,0.6333333333333333,0.6666666666666666,0.8333333333333333,1.0,0.5,4,8
5878,0.5454545454545454,0.4363636363636363,-0.3333333333333333,0.33333333333333337,1.0,0.375,3,8
5879,0.5,0.35,-1.0,0.0,1.0,0.3333333333333333,3,9
5880,0.6153846153846153,0.6153846153846153,1.0,1.0,1.0,0.4444444444444444,4,9
5881,0.6153846153846153,0.5538461538461538,0.3333333333333333,0.6666666666666666,1.0,0.4444444444444444,4,9
5882,0.5454545454545454,0.5454545454545454,1.0,1.0,1.0,0.375,3,8
5883,0.6666666666666666,0.5999999999999999,0.3333333333333333,0.6666666666666666,1.0,0.5,4,8
5884,0.7692307692307693,0.6769230769230768,0.2,0.6,1.0,0.625,5,8
5885,0.6666666666666666,0.5066666666666666,-0.6,0.2,1.0,0.5,5,10
5886,0.6666666666666666,0.6333333333333333,0.6666666666666666,0.8333333333333333,1.0,0.5,4,8
5887,0.5454545454545454,0.49090909090909085,0.3333333333333333,0.6666666666666666,1.0,0.375,3,8
5888,0.6666666666666666,0.5333333333333332,-0.3333333333333333,0.33333333333333337,1.0,0.5,3,6
5889,0.5454545454545454,0.4363636363636363,-0.3333333333333333,0.33333333333333337,1.0,0.375,3,8
5890,0.6666666666666666,0.5999999999999999,0.3333333333333333,0.6666666666666666,1.0,0.5,4,8
5891,0.5,0.44999999999999996,0.3333333333333333,0.6666666666666666,1.0,0.3333333333333333,3,9
5892,0.6666666666666666,0.5999999999999999,0.3333333333333333,0.6666666666666666,1.0,0.5,4,8
5893,0.5454545454545454,0.4363636363636363,-0.3333333333333333,0.33333333333333337,1.0,0.375,3,8
5894,0.5454545454545454,0.49090909090909085,0.3333333333333333,0.6666666666666666,1.0,0.375,3,8
5895,0.5,0.5,1.0,1.0,1.0,0.3333333333333333,3,9
5896,0.42857142857142855,0.42857142857142855,1.0,1.0,1.0,0.2727272727272727,3,11
5897,0.4615384615384615,0.4153846153846153,0.3333333333333333,0.6666666666666666,1.0,0.3,3,10
5898,0.8333333333333333,0.6833333333333332,-0.2,0.4,1.0,0.7142857142857143,5,7
5899,0.6153846153846153,0.523076923076923,0.0,0.5,1.0,0.4444444444444444,4,9
5900,0.5714285714285715,0.4571428571428572,-0.3333333333333333,0.33333333333333337,1.0,0.4,4,10
5901,0.5714285714285715,0.4,-1.0,0.0,1.0,0.4,4,10
5902,0.7142857142857143,0.5857142857142857,-0.2,0.4,1.0,0.5555555555555556,5,9
5903,0.5,0.35,-1.0,0.0,1.0,0.3333333333333333,3,9
5904,0.5454545454545454,0.3818181818181818,-1.0,0.0,1.0,0.375,3,8
5905,0.5,0.39999999999999997,-0.3333333333333333,0.33333333333333337,1.0,0.3333333333333333,3,9
5906,0.6,0.4799999999999999,-0.3333333333333333,0.33333333333333337,1.0,0.42857142857142855,3,7
5907,0.5454545454545454,0.3818181818181818,-1.0,0.0,1.0,0.375,3,8
5908,0.5454545454545454,0.49090909090909085,0.3333333333333333,0.6666666666666666,1.0,0.375,3,8
5909,0.5454545454545454,0.4363636363636363,-0.3333333333333333,0.33333333333333337,1.0,0.375,3,8
5910,0.7692307692307693,0.6538461538461539,0.0,0.5,1.0,0.625,5,8
5911,0.6153846153846153,0.4923076923076922,-0.3333333333333333,0.33333333333333337,1.0,0.4444444444444444,4,9
5912,0.6666666666666666,0.6333333333333333,0.6666666666666666,0.8333333333333333,1.0,0.5,4,8
5913,0.6153846153846153,0.6153846153846153,1.0,1.0,1.0,0.4444444444444444,4,9
5914,0.6,0.6,1.0,1.0,1.0,0.42857142857142855,3,7
5915,0.7272727272727273,0.6545454545454545,0.3333333333333333,0.6666666666666666,1.0,0.5714285714285714,4,7
5916,0.5714285714285715,0.5714285714285715,1.0,1.0,1.0,0.4,4,10
5917,0.7142857142857143,0.6499999999999999,0.4,0.7,1.0,0.5555555555555556,5,9
5918,0.6153846153846153,0.523076923076923,0.0,0.5,1.0,0.4444444444444444,4,9
5919,0.6666666666666666,0.6666666666666666,1.0,1.0,1.0,0.5,4,8
5920,0.6666666666666666,0.5999999999999999,0.3333333333333333,0.6666666666666666,1.0,0.5,4,8
5921,0.6,0.4799999999999999,-0.3333333333333333,0.33333333333333337,1.0,0.42857142857142855,3,7
5922,0.7142857142857143,0.6499999999999999,0.4,0.7,1.0,0.5555555555555556,5,9
5923,0.5882352941176471,0.4823529411764706,-0.2,0.4,1.0,0.4166666666666667,5,12
5924,0.7272727272727273,0.6909090909090909,0.6666666666666666,0.8333333333333333,1.0,0.5714285714285714,4,7
5925,0.5454545454545454,0.4363636363636363,-0.3333333333333333,0.33333333333333337,1.0,0.375,3,8
5926,0.6666666666666666,0.6333333333333333,0.6666666666666666,0.8333333333333333,1.0,0.5,4,8
5927,0.6666666666666666,0.5666666666666667,0.0,0.5,1.0,0.5,4,8
5928,0.6153846153846153,0.6153846153846153,1.0,1.0,1.0,0.4444444444444444,4,9
5929,0.6666666666666666,0.5333333333333332,-0.3333333333333333,0.33333333333333337,1.0,0.5,4,8
5930,0.6666666666666666,0.5,-0.6666666666666666,0.16666666666666669,1.0,0.5,4,8
5931,0.5454545454545454,0.4363636363636363,-0.3333333333333333,0.33333333333333337,1.0,0.375,3,8
5932,0.6,0.5399999999999999,0.3333333333333333,0.6666666666666666,1.0,0.42857142857142855,3,7
5933,0.7272727272727273,0.7272727272727273,1.0,1.0,1.0,0.5714285714285714,4,7
5934,0.5454545454545454,0.3818181818181818,-1.0,0.0,1.0,0.375,3,8
5935,0.4615384615384615,0.32307692307692304,-1.0,0.0,1.0,0.3,3,10
5936,0.5454545454545454,0.49090909090909085,0.3333333333333333,0.6666666666666666,1.0,0.375,3,8
5937,0.5,0.39999999999999997,-0.3333333333333333,0.33333333333333337,1.0,0.3333333333333333,3,9
5938,0.6666666666666666,0.6333333333333333,0.6666666666666666,0.8333333333333333,1.0,0.5,4,8
5939,0.5454545454545454,0.5454545454545454,1.0,1.0,1.0,0.375,3,8
5940,0.6666666666666666,0.5999999999999999,0.3333333333333333,0.6666666666666666,1.0,0.5,4,8
5941,0.5454545454545454,0.49090909090909085,0.3333333333333333,0.6666666666666666,1.0,0.375,3,8
5942,0.5454545454545454,0.5454545454545454,1.0,1.0,1.0,0.375,3,8
5943,0.6,0.42,-1.0,0.0,1.0,0.42857142857142855,3,7
5944,0.6666666666666666,0.5999999999999999,0.3333333333333333,0.6666666666666666,1.0,0.5,4,8
5945,0.7272727272727273,0.6545454545454545,0.3333333333333333,0.6666666666666666,1.0,0.5714285714285714,4,7
5946,0.9090909090909091,0.7727272727272727,0.0,0.5,1.0,0.8333333333333334,5,6
5947,0.6153846153846153,0.46153846153846145,-0.6666666666666666,0.16666666666666669,1.0,0.4444444444444444,4,9
5948,0.5454545454545454,0.4363636363636363,-0.3333333333333333,0.33333333333333337,1.0,0.375,3,8
5949,0.5714285714285715,0.5714285714285715,1.0,1.0,1.0,0.4,4,10
5950,0.6153846153846153,0.523076923076923,0.0,0.5,1.0,0.4444444444444444,4,9
5951,0.6153846153846153,0.5846153846153845,0.6666666666666666,0.8333333333333333,1.0,0.4444444444444444,4,9
5952,0.6153846153846153,0.5538461538461538,0.3333333333333333,0.6666666666666666,1.0,0.4444444444444444,4,9
5953,0.5,0.5,1.0,1.0,1.0,0.3333333333333333,3,9
5954,0.6666666666666666,0.5333333333333332,-0.3333333333333333,0.33333333333333337,1.0,0.5,4,8
5955,0.6153846153846153,0.4923076923076922,-0.3333333333333333,0.33333333333333337,1.0,0.4444444444444444,4,9
5956,0.6666666666666666,0.5999999999999999,0.3333333333333333,0.6666666666666666,1.0,0.5,4,8
5957,0.6666666666666666,0.6666666666666666,1.0,1.0,1.0,0.5,4,8
5958,0.4615384615384615,0.4153846153846153,0.3333333333333333,0.6666666666666666,1.0,0.3,3,10
5959,0.5454545454545454,0.3818181818181818,-1.0,0.0,1.0,0.375,3,8
5960,0.5454545454545454,0.49090909090909085,0.3333333333333333,0.6666666666666666,1.0,0.375,3,8
5961,0.6,0.5399999999999999,0.3333333333333333,0.6666666666666666,1.0,0.42857142857142855,3,7
5962,0.6666666666666666,0.6666666666666666,1.0,1.0,1.0,0.5,4,8
5963,0.5454545454545454,0.49090909090909085,0.3333333333333333,0.6666666666666666,1.0,0.375,3,8
5964,0.6666666666666666,0.5666666666666667,0.0,0.5,1.0,0.5,4,8
5965,0.6666666666666666,0.6666666666666666,1.0,1.0,1.0,0.5,4,8
5966,0.6153846153846153,0.523076923076923,0.0,0.5,1.0,0.4444444444444444,4,9
5967,0.625,0.53125,0.0,0.5,1.0,0.45454545454545453,5,11
5968,0.4615384615384615,0.4153846153846153,0.3333333333333333,0.6666666666666666,1.0,0.3,3,10
5969,0.6153846153846153,0.6153846153846153,1.0,1.0,1.0,0.4444444444444444,4,9
5970,0.6666666666666666,0.5999999999999999,0.3333333333333333,0.6666666666666666,1.0,0.5,4,8
5971,0.6153846153846153,0.523076923076923,0.0,0.5,1.0,0.4444444444444444,4,9
5972,0.4615384615384615,0.4153846153846153,0.3333333333333333,0.6666666666666666,1.0,0.3,3,10
5973,0.7142857142857143,0.6499999999999999,0.4,0.7,1.0,0.5555555555555556,5,9
5974,0.6666666666666666,0.5999999999999999,0.3333333333333333,0.6666666666666666,1.0,0.5,4,8
5975,0.6153846153846153,0.523076923076923,0.0,0.5,1.0,0.4444444444444444,4,9
5976,0.6153846153846153,0.5846153846153845,0.6666666666666666,0.8333333333333333,1.0,0.4444444444444444,4,9
5977,0.5714285714285715,0.5142857142857143,0.3333333333333333,0.6666666666666666,1.0,0.4,4,10
5978,0.6666666666666666,0.5999999999999999,0.3333333333333333,0.6666666666666666,1.0,0.5,4,8
5979,0.6666666666666666,0.6666666666666666,1.0,1.0,1.0,0.5,4,8
5980,0.7272727272727273,0.6545454545454545,0.3333333333333333,0.6666666666666666,1.0,0.5714285714285714,4,7
5981,0.6153846153846153,0.5538461538461538,0.3333333333333333,0.6666666666666666,1.0,0.4444444444444444,4,9
5982,0.6666666666666666,0.5333333333333332,-0.3333333333333333,0.33333333333333337,1.0,0.5,4,8
5983,0.6153846153846153,0.523076923076923,0.0,0.5,1.0,0.4444444444444444,4,9
5984,0.625,0.5499999999999999,0.2,0.6,1.0,0.45454545454545453,5,11
5985,0.6153846153846153,0.46153846153846145,-0.6666666666666666,0.16666666666666669,1.0,0.4444444444444444,4,9
5986,0.6666666666666666,0.6333333333333333,0.6666666666666666,0.8333333333333333,1.0,0.5,4,8
5987,0.6153846153846153,0.5846153846153845,0.6666666666666666,0.8333333333333333,1.0,0.4444444444444444,4,9
5988,0.7272727272727273,0.509090909090909,-1.0,0.0,1.0,0.5714285714285714,4,7
5989,0.6153846153846153,0.5538461538461538,0.3333333333333333,0.6666666666666666,1.0,0.4444444444444444,4,9
5990,0.6666666666666666,0.6666666666666666,1.0,1.0,1.0,0.5,4,8
5991,0.6666666666666666,0.6333333333333333,0.6666666666666666,0.8333333333333333,1.0,0.5,4,8
5992,0.5454545454545454,0.5454545454545454,1.0,1.0,1.0,0.375,3,8
5993,0.4615384615384615,0.4153846153846153,0.3333333333333333,0.6666666666666666,1.0,0.3,3,10
5994,0.5714285714285715,0.4571428571428572,-0.3333333333333333,0.33333333333333337,1.0,0.4,4,10
5995,0.6153846153846153,0.5538461538461538,0.3333333333333333,0.6666666666666666,1.0,0.4444444444444444,4,9
5996,0.5,0.44999999999999996,0.3333333333333333,0.6666666666666666,1.0,0.3333333333333333,3,9
5997,0.6153846153846153,0.5538461538461538,0.3333333333333333,0.6666666666666666,1.0,0.4444444444444444,4,9
5998,0.6153846153846153,0.6153846153846153,1.0,1.0,1.0,0.4444444444444444,4,9
5999,0.6666666666666666,0.5266666666666666,-0.4,0.3,1.0,0.5,5,10
6000,0.6666666666666666,0.5,-0.6666666666666666,0.16666666666666669,1.0,0.5,4,8
6001,0.7272727272727273,0.5818181818181818,-0.3333333333333333,0.33333333333333337,1.0,0.5714285714285714,4,7
6002,0.5714285714285715,0.48571428571428577,0.0,0.5,1.0,0.4,4,10
6003,0.7692307692307693,0.6538461538461539,0.0,0.5,1.0,0.625,5,8
6004,0.6666666666666666,0.5866666666666666,0.2,0.6,1.0,0.5,5,10
6005,0.6666666666666666,0.6266666666666666,0.6,0.8,1.0,0.5,5,10
6006,0.6666666666666666,0.6666666666666666,1.0,1.0,1.0,0.5,4,8
6007,0.6153846153846153,0.6153846153846153,1.0,1.0,1.0,0.4444444444444444,4,9
6008,0.6,0.5399999999999999,0.3333333333333333,0.6666666666666666,1.0,0.42857142857142855,3,7
6009,0.6153846153846153,0.5846153846153845,0.6666666666666666,0.8333333333333333,1.0,0.4444444444444444,4,9
6010,0.7142857142857143,0.6071428571428571,0.0,0.5,1.0,0.5555555555555556,5,9
6011,0.5714285714285715,0.4571428571428572,-0.3333333333333333,0.33333333333333337,1.0,0.4,4,10
6012,0.6666666666666666,0.5333333333333332,-0.3333333333333333,0.33333333333333337,1.0,0.5,4,8
6013,0.6666666666666666,0.5466666666666666,-0.2,0.4,1.0,0.5,5,10
6014,0.6153846153846153,0.5846153846153845,0.6666666666666666,0.8333333333333333,1.0,0.4444444444444444,4,9
6015,0.5333333333333333,0.42666666666666664,-0.3333333333333333,0.33333333333333337,1.0,0.36363636363636365,4,11
6016,0.6666666666666666,0.5333333333333332,-0.3333333333333333,0.33333333333333337,1.0,0.5,4,8
6017,0.6153846153846153,0.6153846153846153,1.0,1.0,1.0,0.4444444444444444,4,9
6018,0.6,0.4799999999999999,-0.3333333333333333,0.33333333333333337,1.0,0.42857142857142855,3,7
6019,0.6666666666666666,0.5999999999999999,0.3333333333333333,0.6666666666666666,1.0,0.5,4,8
6020,0.7692307692307693,0.7,0.4,0.7,1.0,0.625,5,8
6021,0.6666666666666666,0.6333333333333333,0.6666666666666666,0.8333333333333333,1.0,0.5,4,8
6022,0.5454545454545454,0.49090909090909085,0.3333333333333333,0.6666666666666666,1.0,0.375,3,8
6023,0.5454545454545454,0.4363636363636363,-0.3333333333333333,0.33333333333333337,1.0,0.375,3,8
6024,0.5714285714285715,0.5714285714285715,1.0,1.0,1.0,0.4,4,10
6025,0.5714285714285715,0.4571428571428572,-0.3333333333333333,0.33333333333333337,1.0,0.4,4,10
6026,0.5714285714285715,0.5142857142857143,0.3333333333333333,0.6666666666666666,1.0,0.4,4,10
6027,0.6,0.42,-1.0,0.0,1.0,0.42857142857142855,3,7
6028,0.6666666666666666,0.5666666666666667,0.0,0.5,1.0,0.5,4,8
6029,0.6666666666666666,0.5999999999999999,0.3333333333333333,0.6666666666666666,1.0,0.5,4,8
6030,0.6666666666666666,0.6666666666666666,1.0,1.0,1.0,0.5,4,8
6031,0.5,0.44999999999999996,0.3333333333333333,0.6666666666666666,1.0,0.3333333333333333,3,9
6032,0.6666666666666666,0.5866666666666666,0.2,0.6,1.0,0.5,5,10
6033,0.5714285714285715,0.48571428571428577,0.0,0.5,1.0,0.4,4,10
6034,0.5454545454545454,0.4363636363636363,-0.3333333333333333,0.33333333333333337,1.0,0.375,3,8
6035,0.7142857142857143,0.5428571428571429,-0.6,0.2,1.0,0.5555555555555556,5,9
6036,0.5454545454545454,0.5454545454545454,1.0,1.0,1.0,0.375,3,8
6037,0.5454545454545454,0.4363636363636363,-0.3333333333333333,0.33333333333333337,1.0,0.375,3,8
6038,0.5714285714285715,0.4571428571428572,-0.3333333333333333,0.33333333333333337,1.0,0.4,4,10
6039,0.6,0.4799999999999999,-0.3333333333333333,0.33333333333333337,1.0,0.42857142857142855,3,7
6040,0.7142857142857143,0.6714285714285714,0.6,0.8,1.0,0.5555555555555556,5,9
6041,0.5,0.39999999999999997,-0.3333333333333333,0.33333333333333337,1.0,0.3333333333333333,4,12
6042,0.7142857142857143,0.6714285714285714,0.6,0.8,1.0,0.5555555555555556,5,9
6043,0.6666666666666666,0.5999999999999999,0.3333333333333333,0.6666666666666666,1.0,0.5,4,8
6044,0.5454545454545454,0.5454545454545454,1.0,1.0,1.0,0.375,3,8
6045,0.4615384615384615,0.4615384615384615,1.0,1.0,1.0,0.3,3,10
6046,0.5714285714285715,0.4571428571428572,-0.3333333333333333,0.33333333333333337,1.0,0.4,4,10
6047,0.5714285714285715,0.5428571428571429,0.6666666666666666,0.8333333333333333,1.0,0.4,4,10
6048,0.6,0.6,1.0,1.0,1.0,0.42857142857142855,3,7
6049,0.6153846153846153,0.5538461538461538,0.3333333333333333,0.6666666666666666,1.0,0.4444444444444444,4,9
6050,0.5714285714285715,0.5142857142857143,0.3333333333333333,0.6666666666666666,1.0,0.4,4,10
6051,0.7272727272727273,0.7272727272727273,1.0,1.0,1.0,0.5714285714285714,4,7
6052,0.6153846153846153,0.5846153846153845,0.6666666666666666,0.8333333333333333,1.0,0.4444444444444444,4,9
6053,0.8,0.64,-0.3333333333333333,0.33333333333333337,1.0,0.6666666666666666,4,6
6054,0.6666666666666666,0.5333333333333332,-0.3333333333333333,0.33333333333333337,1.0,0.5,3,6
6055,0.5,0.5,1.0,1.0,1.0,0.3333333333333333,3,9
6056,0.4615384615384615,0.4153846153846153,0.3333333333333333,0.6666666666666666,1.0,0.3,3,10
6057,0.5,0.39999999999999997,-0.3333333333333333,0.33333333333333337,1.0,0.3333333333333333,3,9
6058,0.5,0.5,1.0,1.0,1.0,0.3333333333333333,3,9
6059,0.5454545454545454,0.5454545454545454,1.0,1.0,1.0,0.375,3,8
6060,0.5454545454545454,0.49090909090909085,0.3333333333333333,0.6666666666666666,1.0,0.375,3,8
6061,0.6153846153846153,0.523076923076923,0.0,0.5,1.0,0.4444444444444444,4,9
6062,0.6153846153846153,0.5846153846153845,0.6666666666666666,0.8333333333333333,1.0,0.4444444444444444,4,9
6063,0.5333333333333333,0.5333333333333333,1.0,1.0,1.0,0.36363636363636365,4,11
6064,0.6666666666666666,0.6333333333333333,0.6666666666666666,0.8333333333333333,1.0,0.5,4,8
6065,0.6666666666666666,0.5999999999999999,0.3333333333333333,0.6666666666666666,1.0,0.5,4,8
6066,0.5714285714285715,0.4285714285714286,-0.6666666666666666,0.16666666666666669,1.0,0.4,4,10
6067,0.4615384615384615,0.4615384615384615,1.0,1.0,1.0,0.3,3,10
6068,0.6666666666666666,0.6666666666666666,1.0,1.0,1.0,0.5,4,8
6069,0.5714285714285715,0.48571428571428577,0.0,0.5,1.0,0.4,4,10
6070,0.6153846153846153,0.523076923076923,0.0,0.5,1.0,0.4444444444444444,4,9
6071,0.6666666666666666,0.6266666666666666,0.6,0.8,1.0,0.5,5,10
6072,0.6666666666666666,0.5999999999999999,0.3333333333333333,0.6666666666666666,1.0,0.5,4,8
6073,0.6153846153846153,0.5538461538461538,0.3333333333333333,0.6666666666666666,1.0,0.4444444444444444,4,9
6074,0.7142857142857143,0.6071428571428571,0.0,0.5,1.0,0.5555555555555556,5,9
6075,0.5714285714285715,0.5428571428571429,0.6666666666666666,0.8333333333333333,1.0,0.4,4,10
6076,0.7142857142857143,0.6285714285714286,0.2,0.6,1.0,0.5555555555555556,5,9
6077,0.4615384615384615,0.3692307692307692,-0.3333333333333333,0.33333333333333337,1.0,0.3,3,10
6078,0.6666666666666666,0.6666666666666666,1.0,1.0,1.0,0.5,4,8
6079,0.5714285714285715,0.4571428571428572,-0.3333333333333333,0.33333333333333337,1.0,0.4,4,10
6080,0.6666666666666666,0.5666666666666667,0.0,0.5,1.0,0.5,5,10
6081,0.8,0.6880000000000001,0.06666666666666667,0.5333333333333333,1.0,0.6666666666666666,6,9
6082,0.5454545454545454,0.5454545454545454,1.0,1.0,1.0,0.375,3,8
6083,0.6666666666666666,0.6333333333333333,0.6666666666666666,0.8333333333333333,1.0,0.5,4,8
6084,0.5714285714285715,0.5428571428571429,0.6666666666666666,0.8333333333333333,1.0,0.4,4,10
6085,0.7142857142857143,0.5857142857142857,-0.2,0.4,1.0,0.5555555555555556,5,9
6086,0.5714285714285715,0.5714285714285715,1.0,1.0,1.0,0.4,4,10
6087,0.6153846153846153,0.6153846153846153,1.0,1.0,1.0,0.4444444444444444,4,9
6088,0.6153846153846153,0.46153846153846145,-0.6666666666666666,0.16666666666666669,1.0,0.4444444444444444,4,9
6089,0.6666666666666666,0.6333333333333333,0.6666666666666666,0.8333333333333333,1.0,0.5,4,8
6090,0.6153846153846153,0.523076923076923,0.0,0.5,1.0,0.4444444444444444,4,9
6091,0.7142857142857143,0.6928571428571428,0.8,0.9,1.0,0.5555555555555556,5,9
6092,0.6153846153846153,0.4923076923076922,-0.3333333333333333,0.33333333333333337,1.0,0.4444444444444444,4,9
6093,0.7142857142857143,0.6285714285714286,0.2,0.6,1.0,0.5555555555555556,5,9
6094,0.6666666666666666,0.6066666666666666,0.4,0.7,1.0,0.5,5,10
6095,0.6153846153846153,0.5538461538461538,0.3333333333333333,0.6666666666666666,1.0,0.4444444444444444,4,9
6096,0.5714285714285715,0.5142857142857143,0.3333333333333333,0.6666666666666666,1.0,0.4,4,10
6097,0.5714285714285715,0.4571428571428572,-0.3333333333333333,0.33333333333333337,1.0,0.4,4,10
6098,0.6666666666666666,0.5999999999999999,0.3333333333333333,0.6666666666666666,1.0,0.5,4,8
6099,0.5454545454545454,0.5454545454545454,1.0,1.0,1.0,0.375,3,8
6100,0.5714285714285715,0.48571428571428577,0.0,0.5,1.0,0.4,4,10
6101,0.6153846153846153,0.6153846153846153,1.0,1.0,1.0,0.4444444444444444,4,9
6102,0.5454545454545454,0.4363636363636363,-0.3333333333333333,0.33333333333333337,1.0,0.375,3,8
6103,0.5454545454545454,0.3818181818181818,-1.0,0.0,1.0,0.375,3,8
6104,0.5714285714285715,0.4571428571428572,-0.3333333333333333,0.33333333333333337,1.0,0.4,4,10
6105,0.6666666666666666,0.5999999999999999,0.3333333333333333,0.6666666666666666,1.0,0.5,4,8
6106,0.5454545454545454,0.49090909090909085,0.3333333333333333,0.6666666666666666,1.0,0.375,3,8
6107,0.5,0.39999999999999997,-0.3333333333333333,0.33333333333333337,1.0,0.3333333333333333,3,9
6108,0.6153846153846153,0.5846153846153845,0.6666666666666666,0.8333333333333333,1.0,0.4444444444444444,4,9
6109,0.7272727272727273,0.6909090909090909,0.6666666666666666,0.8333333333333333,1.0,0.5714285714285714,4,7
6110,0.8,0.76,0.6666666666666666,0.8333333333333333,1.0,0.6666666666666666,4,6
6111,0.6153846153846153,0.5846153846153845,0.6666666666666666,0.8333333333333333,1.0,0.4444444444444444,4,9
6112,0.8,0.72,0.3333333333333333,0.6666666666666666,1.0,0.6666666666666666,4,6
6113,0.6666666666666666,0.6333333333333333,0.6666666666666666,0.8333333333333333,1.0,0.5,4,8
6114,0.6153846153846153,0.523076923076923,0.0,0.5,1.0,0.4444444444444444,4,9
6115,0.6153846153846153,0.46153846153846145,-0.6666666666666666,0.16666666666666669,1.0,0.4444444444444444,4,9
6116,0.7692307692307693,0.7692307692307693,1.0,1.0,1.0,0.625,5,8
6117,0.6153846153846153,0.5538461538461538,0.3333333333333333,0.6666666666666666,1.0,0.4444444444444444,4,9
6118,0.4615384615384615,0.3692307692307692,-0.3333333333333333,0.33333333333333337,1.0,0.3,3,10
6119,0.5454545454545454,0.49090909090909085,0.3333333333333333,0.6666666666666666,1.0,0.375,3,8
6120,0.4615384615384615,0.4153846153846153,0.3333333333333333,0.6666666666666666,1.0,0.3,3,10
6121,0.5714285714285715,0.5714285714285715,1.0,1.0,1.0,0.4,4,10
6122,0.625,0.5874999999999999,0.6,0.8,1.0,0.45454545454545453,5,11
6123,0.7692307692307693,0.6769230769230768,0.2,0.6,1.0,0.625,5,8
6124,0.6666666666666666,0.5466666666666666,-0.2,0.4,1.0,0.5,5,10
6125,0.4615384615384615,0.3692307692307692,-0.3333333333333333,0.33333333333333337,1.0,0.3,3,10
6126,0.5,0.44999999999999996,0.3333333333333333,0.6666666666666666,1.0,0.3333333333333333,3,9
6127,0.8,0.72,0.3333333333333333,0.6666666666666666,1.0,0.6666666666666666,4,6
6128,0.5714285714285715,0.48571428571428577,0.0,0.5,1.0,0.4,4,10
6129,0.8421052631578948,0.7428571428571429,0.21428571428571427,0.6071428571428571,1.0,0.7272727272727273,8,11
6130,0.5,0.44999999999999996,0.3333333333333333,0.6666666666666666,1.0,0.3333333333333333,4,12
6131,0.7142857142857143,0.6285714285714286,0.2,0.6,1.0,0.5555555555555556,5,9
6132,0.8,0.72,0.3333333333333333,0.6666666666666666,1.0,0.6666666666666666,4,6
6133,1.0,0.8714285714285713,0.14285714285714285,0.5714285714285714,1.0,1.0,7,7
6134,1.0,0.9099999999999999,0.4,0.7,1.0,1.0,5,5
6135,0.6153846153846153,0.46153846153846145,-0.6666666666666666,0.16666666666666669,1.0,0.4444444444444444,4,9
6136,0.625,0.5499999999999999,0.2,0.6,1.0,0.45454545454545453,5,11
6137,0.6153846153846153,0.5692307692307691,0.5,0.75,1.0,0.4444444444444444,8,18
6138,0.888888888888889,0.7111111111111111,-0.3333333333333333,0.33333333333333337,1.0,0.8,4,5
6139,0.47058823529411764,0.47058823529411764,1.0,1.0,1.0,0.3076923076923077,4,13
6140,0.8333333333333333,0.7333333333333332,0.2,0.6,1.0,0.7142857142857143,5,7
6141,0.6666666666666666,0.5999999999999999,0.3333333333333333,0.6666666666666666,1.0,0.5,4,8
6142,0.7142857142857143,0.5428571428571429,-0.6,0.2,1.0,0.5555555555555556,5,9
6143,0.7692307692307693,0.7,0.4,0.7,1.0,0.625,5,8
6144,0.888888888888889,0.7111111111111111,-0.3333333333333333,0.33333333333333337,1.0,0.8,4,5
6145,0.6666666666666666,0.6666666666666666,1.0,1.0,1.0,0.5,3,6
6146,0.7692307692307693,0.7461538461538462,0.8,0.9,1.0,0.625,5,8
6147,0.625,0.60625,0.8,0.9,1.0,0.45454545454545453,5,11
6148,0.47619047619047616,0.37619047619047613,-0.4,0.3,1.0,0.3125,5,16
6149,0.8,0.76,0.6666666666666666,0.8333333333333333,1.0,0.6666666666666666,4,6
6150,0.8333333333333333,0.7333333333333332,0.2,0.6,1.0,0.7142857142857143,5,7
6151,0.6666666666666666,0.5999999999999999,0.3333333333333333,0.6666666666666666,1.0,0.5,3,6
6152,0.9090909090909091,0.7454545454545454,-0.2,0.4,1.0,0.8333333333333334,5,6
6153,0.47619047619047616,0.3904761904761904,-0.2,0.4,1.0,0.3125,5,16
6154,0.5263157894736842,0.4157894736842105,-0.4,0.3,1.0,0.35714285714285715,5,14
6155,0.8571428571428571,0.7885714285714285,0.4666666666666667,0.7333333333333334,1.0,0.75,6,8
6156,0.8,0.76,0.6666666666666666,0.8333333333333333,1.0,0.6666666666666666,4,6
6157,0.8333333333333333,0.7583333333333332,0.4,0.7,1.0,0.7142857142857143,5,7
6158,0.4,0.4,1.0,1.0,1.0,0.25,3,12
6159,0.5454545454545454,0.4363636363636363,-0.3333333333333333,0.33333333333333337,1.0,0.375,3,8
6160,0.6153846153846153,0.5846153846153845,0.6666666666666666,0.8333333333333333,1.0,0.4444444444444444,4,9
6161,0.7272727272727273,0.7272727272727273,1.0,1.0,1.0,0.5714285714285714,4,7
6162,0.8333333333333333,0.7333333333333332,0.2,0.6,1.0,0.7142857142857143,5,7
6163,0.7272727272727273,0.6909090909090909,0.6666666666666666,0.8333333333333333,1.0,0.5714285714285714,4,7
6164,0.6153846153846153,0.4923076923076922,-0.3333333333333333,0.33333333333333337,1.0,0.4444444444444444,4,9
6165,0.8235294117647058,0.7411764705882352,0.3333333333333333,0.6666666666666666,1.0,0.7,7,10
6166,0.7499999999999999,0.5999999999999999,-0.3333333333333333,0.33333333333333337,1.0,0.6,3,5
6167,0.6666666666666666,0.5333333333333332,-0.3333333333333333,0.33333333333333337,1.0,0.5,3,6
6168,0.8750000000000001,0.775,0.23809523809523808,0.6190476190476191,1.0,0.7777777777777778,7,9
6169,0.4615384615384615,0.4153846153846153,0.3333333333333333,0.6666666666666666,1.0,0.3,3,10
6170,0.6153846153846153,0.4923076923076922,-0.3333333333333333,0.33333333333333337,1.0,0.4444444444444444,4,9
6171,0.6,0.5399999999999999,0.3333333333333333,0.6666666666666666,1.0,0.42857142857142855,3,7
6172,0.6666666666666666,0.5999999999999999,0.3333333333333333,0.6666666666666666,1.0,0.5,3,6
6173,0.888888888888889,0.8126984126984127,0.42857142857142855,0.7142857142857143,1.0,0.8,8,10
6174,1.0,0.8999999999999999,0.3333333333333333,0.6666666666666666,1.0,1.0,6,6
6175,0.6,0.5399999999999999,0.3333333333333333,0.6666666666666666,1.0,0.42857142857142855,3,7
6176,0.6363636363636364,0.5545454545454545,0.14285714285714285,0.5714285714285714,1.0,0.4666666666666667,7,15
6177,0.8571428571428571,0.6642857142857141,-0.5,0.25,1.0,0.75,9,12
6178,0.6666666666666666,0.5999999999999999,0.3333333333333333,0.6666666666666666,1.0,0.5,6,12
6179,0.5,0.39999999999999997,-0.3333333333333333,0.33333333333333337,1.0,0.3333333333333333,3,9
6180,0.7272727272727273,0.6909090909090909,0.6666666666666666,0.8333333333333333,1.0,0.5714285714285714,4,7
6181,0.6666666666666666,0.5066666666666666,-0.6,0.2,1.0,0.5,5,10
6182,0.8571428571428571,0.8228571428571427,0.7333333333333333,0.8666666666666667,1.0,0.75,6,8
6183,0.7272727272727273,0.6545454545454545,0.3333333333333333,0.6666666666666666,1.0,0.5714285714285714,4,7
6184,1.0,0.94,0.6,0.8,1.0,1.0,5,5
6185,0.625,0.625,1.0,1.0,1.0,0.45454545454545453,5,11
6186,0.5714285714285715,0.5257142857142858,0.4666666666666667,0.7333333333333334,1.0,0.4,6,15
6187,0.888888888888889,0.7999999999999999,0.3333333333333333,0.6666666666666666,1.0,0.8,4,5
6188,0.888888888888889,0.7936507936507936,0.2857142857142857,0.6428571428571428,0.8,1.0,10,8
6189,0.8571428571428571,0.6857142857142856,-0.3333333333333333,0.33333333333333337,1.0,0.75,6,8
6190,1.0,0.9199999999999999,0.4666666666666667,0.7333333333333334,1.0,1.0,6,6
6191,0.625,0.56875,0.4,0.7,1.0,0.45454545454545453,5,11
6192,0.8333333333333333,0.7583333333333332,0.4,0.7,1.0,0.7142857142857143,5,7
6193,0.7692307692307693,0.7692307692307693,1.0,1.0,1.0,0.625,5,8
6194,0.8235294117647058,0.7176470588235293,0.14285714285714285,0.5714285714285714,1.0,0.7,7,10
6195,0.8571428571428571,0.75,0.16666666666666666,0.5833333333333334,1.0,0.75,9,12
6196,0.923076923076923,0.8307692307692306,0.3333333333333333,0.6666666666666666,1.0,0.8571428571428571,6,7
6197,0.6666666666666666,0.6666666666666666,1.0,1.0,1.0,0.5,3,6
6198,0.9333333333333333,0.8533333333333333,0.42857142857142855,0.7142857142857143,1.0,0.875,7,8
6199,0.625,0.60625,0.8,0.9,1.0,0.45454545454545453,5,11
6200,0.625,0.56875,0.4,0.7,1.0,0.45454545454545453,5,11
6201,0.7058823529411764,0.5647058823529411,-0.3333333333333333,0.33333333333333337,1.0,0.5454545454545454,6,11
6202,0.6956521739130436,0.6211180124223603,0.2857142857142857,0.6428571428571428,1.0,0.5333333333333333,8,15
6203,0.6666666666666666,0.5333333333333332,-0.3333333333333333,0.33333333333333337,1.0,0.5,3,6
6204,0.5,0.47,0.6,0.8,1.0,0.3333333333333333,5,15
6205,0.6666666666666666,0.5666666666666667,0.0,0.5,1.0,0.5,4,8
6206,0.6153846153846153,0.5538461538461538,0.3333333333333333,0.6666666666666666,1.0,0.4444444444444444,4,9
6207,0.6666666666666666,0.6266666666666666,0.6,0.8,1.0,0.5,5,10
6208,0.8333333333333333,0.6583333333333332,-0.4,0.3,1.0,0.7142857142857143,5,7
6209,0.9090909090909091,0.8272727272727272,0.4,0.7,1.0,0.8333333333333334,5,6
6210,0.7499999999999999,0.6874999999999999,0.4444444444444444,0.7222222222222222,1.0,0.6,9,15
6211,0.8333333333333333,0.7583333333333332,0.4,0.7,1.0,0.7142857142857143,5,7
6212,0.5714285714285715,0.5428571428571429,0.6666666666666666,0.8333333333333333,1.0,0.4,4,10
6213,0.7272727272727273,0.5818181818181818,-0.3333333333333333,0.33333333333333337,1.0,0.5714285714285714,4,7
6214,0.8,0.704,0.2,0.6,1.0,0.6666666666666666,6,9
6215,0.7142857142857143,0.6499999999999999,0.4,0.7,1.0,0.5555555555555556,5,9
6216,0.6666666666666666,0.5999999999999999,0.3333333333333333,0.6666666666666666,1.0,0.5,4,8
6217,0.7272727272727273,0.6181818181818182,0.0,0.5,1.0,0.5714285714285714,4,7
6218,0.7058823529411764,0.5647058823529411,-0.3333333333333333,0.33333333333333337,1.0,0.5454545454545454,6,11
6219,0.8,0.72,0.3333333333333333,0.6666666666666666,1.0,0.6666666666666666,6,9
6220,0.9333333333333333,0.7333333333333333,-0.42857142857142855,0.2857142857142857,1.0,0.875,7,8
6221,0.6,0.4799999999999999,-0.3333333333333333,0.33333333333333337,1.0,0.42857142857142855,3,7
6222,0.8,0.7485714285714287,0.5714285714285714,0.7857142857142857,1.0,0.6666666666666666,8,12
6223,0.888888888888889,0.8317460317460318,0.5714285714285714,0.7857142857142857,1.0,0.8,8,10
6224,1.0,0.94,0.6,0.8,1.0,1.0,5,5
6225,0.923076923076923,0.8676923076923075,0.6,0.8,1.0,0.8571428571428571,6,7
6226,0.7272727272727273,0.6545454545454545,0.3333333333333333,0.6666666666666666,1.0,0.5714285714285714,4,7
6227,0.8333333333333333,0.6583333333333332,-0.4,0.3,1.0,0.7142857142857143,5,7
6228,0.7272727272727273,0.6545454545454545,0.3333333333333333,0.6666666666666666,1.0,0.5714285714285714,4,7
6229,0.8,0.8,1.0,1.0,1.0,0.6666666666666666,4,6
6230,0.8,0.72,0.3333333333333333,0.6666666666666666,1.0,0.6666666666666666,4,6
6231,0.7272727272727273,0.5454545454545454,-0.6666666666666666,0.16666666666666669,1.0,0.5714285714285714,4,7
6232,0.6,0.4799999999999999,-0.3333333333333333,0.33333333333333337,1.0,0.42857142857142855,3,7
6233,0.8571428571428571,0.7642857142857142,0.2777777777777778,0.6388888888888888,1.0,0.75,9,12
6234,0.8333333333333333,0.7333333333333332,0.2,0.6,1.0,0.7142857142857143,5,7
6235,0.6666666666666666,0.5666666666666667,0.0,0.5,1.0,0.5,4,8
6236,0.6666666666666666,0.6666666666666666,1.0,1.0,1.0,0.5,4,8
6237,0.6,0.4799999999999999,-0.3333333333333333,0.33333333333333337,1.0,0.42857142857142855,3,7
6238,0.7058823529411764,0.5929411764705882,-0.06666666666666667,0.4666666666666667,1.0,0.5454545454545454,6,11
6239,0.8235294117647058,0.6941176470588234,-0.047619047619047616,0.47619047619047616,0.7,1.0,10,7
6240,0.5882352941176471,0.5529411764705883,0.6,0.8,1.0,0.4166666666666667,5,12
6241,0.6666666666666666,0.5333333333333332,-0.3333333333333333,0.33333333333333337,1.0,0.5,4,8
6242,0.8750000000000001,0.7625,0.14285714285714285,0.5714285714285714,0.7777777777777778,1.0,9,7
6243,0.6666666666666666,0.5333333333333332,-0.3333333333333333,0.33333333333333337,1.0,0.5,6,12
6244,0.7272727272727273,0.6181818181818182,0.0,0.5,1.0,0.5714285714285714,4,7
6245,0.8235294117647058,0.7294117647058823,0.23809523809523808,0.6190476190476191,1.0,0.7,7,10
6246,0.5454545454545454,0.49090909090909085,0.3333333333333333,0.6666666666666666,1.0,0.375,3,8
6247,0.5882352941176471,0.5,0.0,0.5,1.0,0.4166666666666667,5,12
6248,0.7692307692307693,0.7,0.4,0.7,1.0,0.625,5,8
6249,0.6666666666666666,0.5999999999999999,0.3333333333333333,0.6666666666666666,1.0,0.5,4,8
6250,0.8571428571428571,0.72,-0.06666666666666667,0.4666666666666667,1.0,0.75,6,8
6251,0.9473684210526316,0.8210526315789474,0.1111111111111111,0.5555555555555556,1.0,0.9,9,10
6252,0.7692307692307693,0.7,0.4,0.7,1.0,0.625,5,8
6253,0.47058823529411764,0.39999999999999997,0.0,0.5,1.0,0.3076923076923077,4,13
6254,0.6,0.6,1.0,1.0,1.0,0.42857142857142855,3,7
6255,0.7499999999999999,0.7349999999999999,0.8666666666666667,0.9333333333333333,1.0,0.6,6,10
6256,0.7692307692307693,0.6307692307692307,-0.2,0.4,1.0,0.625,5,8
6257,0.7272727272727273,0.7272727272727273,1.0,1.0,1.0,0.5714285714285714,4,7
6258,0.7058823529411764,0.6494117647058822,0.4666666666666667,0.7333333333333334,1.0,0.5454545454545454,6,11
6259,0.8,0.72,0.3333333333333333,0.6666666666666666,1.0,0.6666666666666666,4,6
6260,0.7692307692307693,0.6076923076923076,-0.4,0.3,1.0,0.625,5,8
6261,0.6666666666666666,0.6333333333333333,0.6666666666666666,0.8333333333333333,1.0,0.5,4,8
6262,0.7499999999999999,0.6899999999999998,0.4666666666666667,0.7333333333333334,1.0,0.6,6,10
6263,0.9090909090909091,0.6636363636363636,-0.8,0.09999999999999998,1.0,0.8333333333333334,5,6
6264,0.8,0.672,-0.06666666666666667,0.4666666666666667,1.0,0.6666666666666666,6,9
6265,0.7272727272727273,0.6909090909090909,0.6666666666666666,0.8333333333333333,1.0,0.5714285714285714,4,7
6266,0.5714285714285715,0.5428571428571429,0.6666666666666666,0.8333333333333333,1.0,0.4,4,10
6267,0.7499999999999999,0.5849999999999999,-0.4666666666666667,0.26666666666666666,1.0,0.6,6,10
6268,0.9411764705882353,0.8907563025210083,0.6428571428571429,0.8214285714285714,1.0,0.8888888888888888,8,9
6269,0.6666666666666666,0.5999999999999999,0.3333333333333333,0.6666666666666666,1.0,0.5,4,8
6270,0.6,0.5399999999999999,0.3333333333333333,0.6666666666666666,1.0,0.42857142857142855,3,7
6271,0.6666666666666666,0.5999999999999999,0.3333333333333333,0.6666666666666666,1.0,0.5,4,8
6272,0.6666666666666666,0.5999999999999999,0.3333333333333333,0.6666666666666666,1.0,0.5,4,8
6273,0.7142857142857143,0.6285714285714286,0.2,0.6,1.0,0.5555555555555556,5,9
6274,0.8,0.6613333333333333,-0.15555555555555556,0.4222222222222222,1.0,0.6666666666666666,10,15
6275,0.42424242424242425,0.41818181818181815,0.9047619047619048,0.9523809523809523,1.0,0.2692307692307692,7,26
6276,0.6666666666666666,0.6266666666666666,0.6,0.8,1.0,0.5,5,10
6277,0.5555555555555556,0.45555555555555555,-0.2,0.4,1.0,0.38461538461538464,5,13
6278,0.8421052631578948,0.724812030075188,0.07142857142857142,0.5357142857142857,1.0,0.7272727272727273,8,11
6279,0.8571428571428571,0.7885714285714285,0.4666666666666667,0.7333333333333334,1.0,0.75,6,8
6280,0.8,0.672,-0.06666666666666667,0.4666666666666667,1.0,0.6666666666666666,6,9
6281,0.6666666666666666,0.5333333333333332,-0.3333333333333333,0.33333333333333337,1.0,0.5,4,8
6282,0.625,0.5874999999999999,0.6,0.8,1.0,0.45454545454545453,5,11
6283,1.0,0.95,0.6666666666666666,0.8333333333333333,1.0,1.0,4,4
6284,0.6,0.6,1.0,1.0,1.0,0.42857142857142855,3,7
6285,0.7692307692307693,0.7,0.4,0.7,1.0,0.625,5,8
6286,0.7058823529411764,0.6635294117647058,0.6,0.8,1.0,0.5454545454545454,6,11
6287,0.7692307692307693,0.6538461538461539,0.0,0.5,1.0,0.625,5,8
6288,0.888888888888889,0.8317460317460318,0.5714285714285714,0.7857142857142857,1.0,0.8,8,10
6289,0.625,0.5874999999999999,0.6,0.8,1.0,0.45454545454545453,5,11
6290,0.8421052631578948,0.7699248120300752,0.42857142857142855,0.7142857142857143,1.0,0.7272727272727273,8,11
6291,0.6666666666666666,0.6333333333333333,0.6666666666666666,0.8333333333333333,1.0,0.5,4,8
6292,0.7692307692307693,0.6538461538461539,0.0,0.5,1.0,0.625,5,8
6293,0.7499999999999999,0.7499999999999999,1.0,1.0,1.0,0.6,3,5
6294,0.5714285714285715,0.48571428571428577,0.0,0.5,1.0,0.4,4,10
6295,0.8,0.74,0.5,0.75,1.0,0.6666666666666666,8,12
6296,0.9411764705882353,0.7899159663865545,-0.07142857142857142,0.4642857142857143,1.0,0.8888888888888888,8,9
6297,0.8333333333333333,0.7833333333333332,0.6,0.8,1.0,0.7142857142857143,5,7
6298,0.8333333333333333,0.7583333333333332,0.4,0.7,1.0,0.7142857142857143,5,7
6299,0.7499999999999999,0.6449999999999999,0.06666666666666667,0.5333333333333333,0.6,1.0,10,6
6300,0.5714285714285715,0.48571428571428577,0.0,0.5,1.0,0.4,4,10
6301,0.5,0.425,0.0,0.5,1.0,0.3333333333333333,4,12
6302,0.8333333333333333,0.6583333333333332,-0.4,0.3,1.0,0.7142857142857143,5,7
6303,0.8,0.72,0.3333333333333333,0.6666666666666666,1.0,0.6666666666666666,4,6
6304,0.8571428571428571,0.7885714285714285,0.4666666666666667,0.7333333333333334,1.0,0.75,6,8
6305,0.8750000000000001,0.75,0.047619047619047616,0.5238095238095238,1.0,0.7777777777777778,7,9
6306,0.4615384615384615,0.4153846153846153,0.3333333333333333,0.6666666666666666,1.0,0.3,3,10
6307,0.5454545454545454,0.4363636363636363,-0.3333333333333333,0.33333333333333337,1.0,0.375,3,8
6308,0.6153846153846153,0.5538461538461538,0.3333333333333333,0.6666666666666666,1.0,0.4444444444444444,4,9
6309,0.6666666666666666,0.5999999999999999,0.3333333333333333,0.6666666666666666,1.0,0.5,3,6
6310,0.6153846153846153,0.5538461538461538,0.3333333333333333,0.6666666666666666,1.0,0.4444444444444444,4,9
6311,1.0,0.9099999999999999,0.4,0.7,1.0,1.0,5,5
6312,0.7142857142857143,0.5428571428571429,-0.6,0.2,1.0,0.5555555555555556,5,9
6313,0.9411764705882353,0.7899159663865545,-0.07142857142857142,0.4642857142857143,1.0,0.8888888888888888,8,9
6314,0.7692307692307693,0.7461538461538462,0.8,0.9,1.0,0.625,5,8
6315,0.9411764705882353,0.7798319327731091,-0.14285714285714285,0.4285714285714286,1.0,0.8888888888888888,8,9
6316,0.6666666666666666,0.5999999999999999,0.3333333333333333,0.6666666666666666,1.0,0.5,4,8
6317,0.6,0.504,-0.06666666666666667,0.4666666666666667,1.0,0.42857142857142855,6,14
6318,0.8235294117647058,0.7294117647058823,0.23809523809523808,0.6190476190476191,1.0,0.7,7,10
6319,0.8333333333333333,0.7333333333333332,0.2,0.6,1.0,0.7142857142857143,5,7
6320,0.7142857142857143,0.6285714285714286,0.2,0.6,1.0,0.5555555555555556,5,9
6321,0.8750000000000001,0.7875,0.3333333333333333,0.6666666666666666,1.0,0.7777777777777778,7,9
6322,0.7692307692307693,0.6538461538461539,0.0,0.5,1.0,0.625,5,8
6323,0.7368421052631579,0.6842105263157894,0.5238095238095238,0.7619047619047619,1.0,0.5833333333333334,7,12
6324,0.9333333333333333,0.8933333333333333,0.7142857142857143,0.8571428571428572,1.0,0.875,7,8
6325,0.7692307692307693,0.6538461538461539,0.0,0.5,1.0,0.625,5,8
6326,0.7692307692307693,0.7,0.4,0.7,1.0,0.625,5,8
6327,0.7272727272727273,0.5454545454545454,-0.6666666666666666,0.16666666666666669,1.0,0.5714285714285714,4,7
6328,0.6666666666666666,0.6333333333333333,0.6666666666666666,0.8333333333333333,1.0,0.5,4,8
6329,0.8750000000000001,0.7625,0.14285714285714285,0.5714285714285714,1.0,0.7777777777777778,7,9
6330,0.7777777777777778,0.7333333333333333,0.6190476190476191,0.8095238095238095,1.0,0.6363636363636364,7,11
6331,0.888888888888889,0.7999999999999999,0.3333333333333333,0.6666666666666666,1.0,0.8,4,5
6332,0.8,0.72,0.3333333333333333,0.6666666666666666,1.0,0.6666666666666666,6,9
6333,0.8750000000000001,0.8375,0.7142857142857143,0.8571428571428572,1.0,0.7777777777777778,7,9
6334,0.7058823529411764,0.6917647058823528,0.8666666666666667,0.9333333333333333,1.0,0.5454545454545454,6,11
6335,0.6666666666666666,0.5466666666666666,-0.2,0.4,1.0,0.5,5,10
6336,0.8,0.72,0.3333333333333333,0.6666666666666666,1.0,0.6666666666666666,4,6
6337,0.8,0.624,-0.4666666666666667,0.26666666666666666,1.0,0.6666666666666666,6,9
6338,0.6153846153846153,0.46153846153846145,-0.6666666666666666,0.16666666666666669,1.0,0.4444444444444444,4,9
6339,1.0,0.9249999999999999,0.5,0.75,1.0,1.0,9,9
6340,0.625,0.49374999999999997,-0.4,0.3,1.0,0.45454545454545453,5,11
6341,0.8750000000000001,0.8,0.42857142857142855,0.7142857142857143,1.0,0.7777777777777778,7,9
6342,0.9411764705882353,0.7596638655462183,-0.2857142857142857,0.35714285714285715,0.8888888888888888,1.0,9,8
6343,0.6666666666666666,0.5466666666666666,-0.2,0.4,1.0,0.5,5,10
6344,0.6666666666666666,0.6066666666666666,0.4,0.7,1.0,0.5,5,10
6345,0.6153846153846153,0.523076923076923,0.0,0.5,1.0,0.4444444444444444,4,9
6346,0.9,0.8324999999999999,0.5,0.75,1.0,0.8181818181818182,9,11
6347,0.7058823529411764,0.5788235294117646,-0.2,0.4,1.0,0.5454545454545454,6,11
6348,0.625,0.60625,0.8,0.9,1.0,0.45454545454545453,5,11
6349,0.8,0.72,0.3333333333333333,0.6666666666666666,1.0,0.6666666666666666,4,6
6350,0.5882352941176471,0.5,0.0,0.5,1.0,0.4166666666666667,5,12
6351,0.5333333333333333,0.4799999999999999,0.3333333333333333,0.6666666666666666,1.0,0.36363636363636365,4,11
6352,0.7142857142857143,0.6285714285714286,0.2,0.6,1.0,0.5555555555555556,5,9
6353,0.8,0.64,-0.3333333333333333,0.33333333333333337,1.0,0.6666666666666666,4,6
6354,0.7142857142857143,0.5642857142857143,-0.4,0.3,1.0,0.5555555555555556,5,9
6355,0.7692307692307693,0.5846153846153846,-0.6,0.2,1.0,0.625,5,8
6356,0.6153846153846153,0.5846153846153845,0.6666666666666666,0.8333333333333333,1.0,0.4444444444444444,4,9
6357,0.7142857142857143,0.6499999999999999,0.4,0.7,1.0,0.5555555555555556,5,9
6358,0.8571428571428571,0.7885714285714285,0.4666666666666667,0.7333333333333334,1.0,0.75,6,8
6359,0.4615384615384615,0.3692307692307692,-0.3333333333333333,0.33333333333333337,1.0,0.3,3,10
6360,0.6,0.516,0.06666666666666667,0.5333333333333333,1.0,0.42857142857142855,6,14
6361,0.6666666666666666,0.5999999999999999,0.3333333333333333,0.6666666666666666,1.0,0.5,4,8
6362,0.8,0.6714285714285714,-0.07142857142857142,0.4642857142857143,1.0,0.6666666666666666,8,12
6363,0.5454545454545454,0.5454545454545454,1.0,1.0,1.0,0.375,3,8
6364,0.8235294117647058,0.7294117647058823,0.23809523809523808,0.6190476190476191,1.0,0.7,7,10
6365,0.7499999999999999,0.6449999999999999,0.06666666666666667,0.5333333333333333,1.0,0.6,6,10
6366,0.923076923076923,0.8492307692307691,0.4666666666666667,0.7333333333333334,1.0,0.8571428571428571,6,7
6367,0.8750000000000001,0.8125,0.5238095238095238,0.7619047619047619,1.0,0.7777777777777778,7,9
6368,0.5714285714285715,0.5428571428571429,0.6666666666666666,0.8333333333333333,1.0,0.4,4,10
6369,0.9333333333333333,0.7866666666666666,-0.047619047619047616,0.47619047619047616,0.875,1.0,8,7
6370,0.8,0.752,0.6,0.8,1.0,0.6666666666666666,6,9
6371,0.6666666666666666,0.6333333333333333,0.6666666666666666,0.8333333333333333,1.0,0.5,4,8
